N,nworkers,policy,tileSize,chunkSize
1000,1,0,1,1
Time: 202.001 (ms)
100135
1000,2,1,1,1
Time: 215.41 (ms)
100135
1000,2,1,4,1
Time: 189.869 (ms)
100135
1000,2,1,8,1
Time: 186.366 (ms)
100135
1000,2,1,16,1
Time: 188.697 (ms)
101590
1000,2,2,1,1
Time: 210.723 (ms)
100135
1000,2,2,4,1
Time: 190.124 (ms)
100135
1000,2,2,8,1
Time: 186.501 (ms)
100135
1000,2,2,16,1
Time: 188.113 (ms)
100135
1000,2,3,1,32
Time: 213.235 (ms)
100135
1000,2,3,1,64
Time: 207.61 (ms)
100135
1000,2,3,1,128
Time: 211.05 (ms)
100135
1000,2,3,4,32
Time: 189.262 (ms)
100135
1000,2,3,4,64
Time: 189.906 (ms)
100135
1000,2,3,4,128
Time: 189.608 (ms)
100135
1000,2,3,8,32
Time: 185.976 (ms)
100135
1000,2,3,8,64
Time: 186.66 (ms)
100135
1000,2,3,8,128
Time: 187.652 (ms)
100135
1000,2,3,16,32
Time: 188.858 (ms)
100135
1000,2,3,16,64
Time: 187.892 (ms)
100135
1000,2,3,16,128
Time: 188.164 (ms)
100135
1000,4,1,1,1
Time: 161.077 (ms)
100135
1000,4,1,4,1
Time: 140.104 (ms)
100135
1000,4,1,8,1
Time: 137.987 (ms)
100135
1000,4,1,16,1
Time: 138.581 (ms)
100135
1000,4,2,1,1
Time: 162.337 (ms)
100135
1000,4,2,4,1
Time: 140.436 (ms)
100135
1000,4,2,8,1
Time: 136.998 (ms)
100135
1000,4,2,16,1
Time: 139.472 (ms)
100135
1000,4,3,1,32
Time: 163.776 (ms)
100135
1000,4,3,1,64
Time: 165.978 (ms)
100135
1000,4,3,1,128
Time: 162.796 (ms)
100135
1000,4,3,4,32
Time: 141.434 (ms)
100135
1000,4,3,4,64
Time: 140.696 (ms)
100135
1000,4,3,4,128
Time: 139.675 (ms)
100135
1000,4,3,8,32
Time: 137.73 (ms)
100135
1000,4,3,8,64
Time: 138.646 (ms)
100135
1000,4,3,8,128
Time: 138.263 (ms)
100135
1000,4,3,16,32
Time: 138.353 (ms)
100135
1000,4,3,16,64
Time: 139.338 (ms)
100135
1000,4,3,16,128
Time: 138.445 (ms)
100135
1000,6,1,1,1
Time: 151.208 (ms)
100135
1000,6,1,4,1
Time: 125.051 (ms)
100135
1000,6,1,8,1
Time: 121.554 (ms)
100135
1000,6,1,16,1
Time: 122.049 (ms)
100135
1000,6,2,1,1
Time: 152.479 (ms)
100135
1000,6,2,4,1
Time: 125.221 (ms)
100135
1000,6,2,8,1
Time: 122.708 (ms)
100135
1000,6,2,16,1
Time: 122.949 (ms)
100135
1000,6,3,1,32
Time: 151.304 (ms)
100135
1000,6,3,1,64
Time: 154.385 (ms)
100135
1000,6,3,1,128
Time: 151.538 (ms)
100135
1000,6,3,4,32
Time: 124.878 (ms)
100135
1000,6,3,4,64
Time: 125.316 (ms)
100135
1000,6,3,4,128
Time: 125.635 (ms)
100135
1000,6,3,8,32
Time: 121.937 (ms)
100135
1000,6,3,8,64
Time: 121.374 (ms)
100135
1000,6,3,8,128
Time: 121.982 (ms)
100135
1000,6,3,16,32
Time: 123.186 (ms)
100135
1000,6,3,16,64
Time: 122.94 (ms)
100135
1000,6,3,16,128
Time: 122.065 (ms)
100135
1000,8,1,1,1
Time: 150.922 (ms)
100135
1000,8,1,4,1
Time: 117.488 (ms)
100135
1000,8,1,8,1
Time: 114.021 (ms)
100135
1000,8,1,16,1
Time: 114.575 (ms)
100135
1000,8,2,1,1
Time: 153.624 (ms)
100135
1000,8,2,4,1
Time: 117.557 (ms)
100135
1000,8,2,8,1
Time: 114.667 (ms)
100135
1000,8,2,16,1
Time: 114.68 (ms)
100135
1000,8,3,1,32
Time: 151.762 (ms)
100135
1000,8,3,1,64
Time: 153.052 (ms)
100135
1000,8,3,1,128
Time: 150.453 (ms)
100135
1000,8,3,4,32
Time: 117.734 (ms)
100135
1000,8,3,4,64
Time: 117.673 (ms)
100135
1000,8,3,4,128
Time: 117.749 (ms)
100135
1000,8,3,8,32
Time: 114.555 (ms)
100135
1000,8,3,8,64
Time: 114.16 (ms)
100135
1000,8,3,8,128
Time: 115.07 (ms)
100135
1000,8,3,16,32
Time: 115.008 (ms)
100135
1000,8,3,16,64
Time: 114.866 (ms)
100135
1000,8,3,16,128
Time: 115.006 (ms)
100135
1000,10,1,1,1
Time: 153.961 (ms)
100135
1000,10,1,4,1
Time: 114.523 (ms)
100135
1000,10,1,8,1
Time: 109.457 (ms)
100135
1000,10,1,16,1
Time: 109.605 (ms)
100135
1000,10,2,1,1
Time: 151.915 (ms)
100135
1000,10,2,4,1
Time: 114.42 (ms)
100135
1000,10,2,8,1
Time: 109.294 (ms)
100135
1000,10,2,16,1
Time: 109.862 (ms)
100135
1000,10,3,1,32
Time: 152.765 (ms)
100135
1000,10,3,1,64
Time: 154.653 (ms)
100135
1000,10,3,1,128
Time: 151.282 (ms)
100135
1000,10,3,4,32
Time: 114.343 (ms)
100135
1000,10,3,4,64
Time: 114.071 (ms)
100135
1000,10,3,4,128
Time: 114.172 (ms)
100135
1000,10,3,8,32
Time: 109.913 (ms)
100135
1000,10,3,8,64
Time: 110.92 (ms)
100135
1000,10,3,8,128
Time: 110.49 (ms)
100135
1000,10,3,16,32
Time: 109.991 (ms)
100135
1000,10,3,16,64
Time: 109.606 (ms)
100135
1000,10,3,16,128
Time: 110.003 (ms)
100135
1000,12,1,1,1
Time: 152.115 (ms)
100135
1000,12,1,4,1
Time: 112.737 (ms)
100135
1000,12,1,8,1
Time: 106.695 (ms)
100135
1000,12,1,16,1
Time: 107.049 (ms)
100135
1000,12,2,1,1
Time: 155.509 (ms)
100135
1000,12,2,4,1
Time: 112.373 (ms)
100135
1000,12,2,8,1
Time: 106.684 (ms)
100135
1000,12,2,16,1
Time: 107.444 (ms)
100135
1000,12,3,1,32
Time: 154.066 (ms)
100135
1000,12,3,1,64
Time: 156.755 (ms)
100135
1000,12,3,1,128
Time: 154.761 (ms)
100135
1000,12,3,4,32
Time: 112.081 (ms)
100135
1000,12,3,4,64
Time: 112.528 (ms)
100135
1000,12,3,4,128
Time: 112.819 (ms)
100135
1000,12,3,8,32
Time: 106.581 (ms)
100135
1000,12,3,8,64
Time: 107.5 (ms)
100135
1000,12,3,8,128
Time: 107.321 (ms)
100135
1000,12,3,16,32
Time: 106.813 (ms)
100135
1000,12,3,16,64
Time: 106.909 (ms)
100135
1000,12,3,16,128
Time: 107.008 (ms)
100135
1000,14,1,1,1
Time: 157.484 (ms)
100135
1000,14,1,4,1
Time: 111.781 (ms)
100135
1000,14,1,8,1
Time: 105.679 (ms)
100135
1000,14,1,16,1
Time: 105.511 (ms)
100135
1000,14,2,1,1
Time: 157.108 (ms)
100135
1000,14,2,4,1
Time: 110.881 (ms)
100135
1000,14,2,8,1
Time: 104.957 (ms)
100135
1000,14,2,16,1
Time: 104.724 (ms)
100135
1000,14,3,1,32
Time: 158.746 (ms)
100135
1000,14,3,1,64
Time: 159.296 (ms)
100135
1000,14,3,1,128
Time: 160.024 (ms)
100135
1000,14,3,4,32
Time: 111.672 (ms)
100135
1000,14,3,4,64
Time: 112.135 (ms)
100135
1000,14,3,4,128
Time: 112.282 (ms)
100135
1000,14,3,8,32
Time: 104.975 (ms)
100135
1000,14,3,8,64
Time: 105.789 (ms)
100135
1000,14,3,8,128
Time: 105.776 (ms)
100135
1000,14,3,16,32
Time: 105.563 (ms)
100135
1000,14,3,16,64
Time: 104.88 (ms)
100135
1000,14,3,16,128
Time: 106.279 (ms)
100135
1000,16,1,1,1
Time: 162.388 (ms)
100135
1000,16,1,4,1
Time: 111.512 (ms)
100135
1000,16,1,8,1
Time: 104.512 (ms)
100135
1000,16,1,16,1
Time: 104.216 (ms)
100135
1000,16,2,1,1
Time: 162.836 (ms)
100135
1000,16,2,4,1
Time: 111.908 (ms)
100135
1000,16,2,8,1
Time: 104.526 (ms)
100135
1000,16,2,16,1
Time: 104.093 (ms)
100135
1000,16,3,1,32
Time: 163.137 (ms)
100135
1000,16,3,1,64
Time: 167.154 (ms)
100135
1000,16,3,1,128
Time: 162.821 (ms)
100135
1000,16,3,4,32
Time: 111.291 (ms)
100135
1000,16,3,4,64
Time: 110.866 (ms)
100135
1000,16,3,4,128
Time: 111.949 (ms)
100135
1000,16,3,8,32
Time: 103.993 (ms)
100135
1000,16,3,8,64
Time: 104.465 (ms)
100135
1000,16,3,8,128
Time: 104.643 (ms)
100135
1000,16,3,16,32
Time: 103.347 (ms)
100135
1000,16,3,16,64
Time: 103.641 (ms)
100135
1000,16,3,16,128
Time: 104.526 (ms)
100135
2000,1,0,1,1
Time: 2514.3 (ms)
435143
2000,2,1,1,1
Time: 1575.94 (ms)
435143
2000,2,1,4,1
Time: 1264.89 (ms)
435143
2000,2,1,8,1
Time: 1200.61 (ms)
435143
2000,2,1,16,1
Time: 1178.24 (ms)
435143
2000,2,2,1,1
Time: 1455.06 (ms)
435143
2000,2,2,4,1
Time: 1261.68 (ms)
435143
2000,2,2,8,1
Time: 1205.69 (ms)
435143
2000,2,2,16,1
Time: 1173.37 (ms)
435143
2000,2,3,1,32
Time: 1455.71 (ms)
435143
2000,2,3,1,64
Time: 1479.99 (ms)
435143
2000,2,3,1,128
Time: 1472.92 (ms)
435143
2000,2,3,4,32
Time: 1249.26 (ms)
435143
2000,2,3,4,64
Time: 1255.51 (ms)
435143
2000,2,3,4,128
Time: 1261.38 (ms)
435143
2000,2,3,8,32
Time: 1206.46 (ms)
435143
2000,2,3,8,64
Time: 1204.52 (ms)
435143
2000,2,3,8,128
Time: 1204.22 (ms)
435143
2000,2,3,16,32
Time: 1181.75 (ms)
435143
2000,2,3,16,64
Time: 1183.98 (ms)
435143
2000,2,3,16,128
Time: 1179.82 (ms)
435143
2000,4,1,1,1
Time: 682.395 (ms)
435143
2000,4,1,4,1
Time: 629.296 (ms)
435143
2000,4,1,8,1
Time: 626.747 (ms)
435143
2000,4,1,16,1
Time: 636.451 (ms)
435143
2000,4,2,1,1
Time: 682.568 (ms)
435143
2000,4,2,4,1
Time: 627.984 (ms)
435143
2000,4,2,8,1
Time: 625.197 (ms)
435143
2000,4,2,16,1
Time: 635.654 (ms)
435143
2000,4,3,1,32
Time: 682.285 (ms)
435143
2000,4,3,1,64
Time: 686.369 (ms)
435143
2000,4,3,1,128
Time: 686.833 (ms)
435143
2000,4,3,4,32
Time: 629.664 (ms)
435143
2000,4,3,4,64
Time: 629.608 (ms)
435143
2000,4,3,4,128
Time: 629.146 (ms)
435143
2000,4,3,8,32
Time: 627.355 (ms)
435143
2000,4,3,8,64
Time: 625.119 (ms)
435143
2000,4,3,8,128
Time: 626.811 (ms)
435143
2000,4,3,16,32
Time: 637.185 (ms)
435143
2000,4,3,16,64
Time: 637.808 (ms)
435143
2000,4,3,16,128
Time: 635.821 (ms)
435143
2000,6,1,1,1
Time: 508.158 (ms)
435143
2000,6,1,4,1
Time: 453.907 (ms)
435143
2000,6,1,8,1
Time: 453.232 (ms)
435143
2000,6,1,16,1
Time: 466.098 (ms)
435143
2000,6,2,1,1
Time: 510.187 (ms)
435143
2000,6,2,4,1
Time: 455.871 (ms)
435143
2000,6,2,8,1
Time: 455.076 (ms)
435143
2000,6,2,16,1
Time: 465.656 (ms)
435143
2000,6,3,1,32
Time: 509.933 (ms)
435143
2000,6,3,1,64
Time: 511.128 (ms)
435143
2000,6,3,1,128
Time: 506.082 (ms)
435143
2000,6,3,4,32
Time: 453.467 (ms)
435143
2000,6,3,4,64
Time: 454.28 (ms)
435143
2000,6,3,4,128
Time: 454.354 (ms)
435143
2000,6,3,8,32
Time: 452.093 (ms)
435143
2000,6,3,8,64
Time: 451.506 (ms)
435143
2000,6,3,8,128
Time: 452.042 (ms)
435143
2000,6,3,16,32
Time: 464.918 (ms)
435143
2000,6,3,16,64
Time: 465.687 (ms)
435143
2000,6,3,16,128
Time: 465.909 (ms)
435143
2000,8,1,1,1
Time: 435.366 (ms)
435143
2000,8,1,4,1
Time: 369.795 (ms)
435143
2000,8,1,8,1
Time: 367.016 (ms)
435143
2000,8,1,16,1
Time: 380.818 (ms)
435143
2000,8,2,1,1
Time: 439.043 (ms)
435143
2000,8,2,4,1
Time: 368.163 (ms)
435143
2000,8,2,8,1
Time: 367.204 (ms)
435143
2000,8,2,16,1
Time: 380.904 (ms)
435143
2000,8,3,1,32
Time: 433.67 (ms)
435143
2000,8,3,1,64
Time: 431.659 (ms)
435143
2000,8,3,1,128
Time: 431.187 (ms)
435143
2000,8,3,4,32
Time: 368.301 (ms)
435143
2000,8,3,4,64
Time: 369.433 (ms)
435143
2000,8,3,4,128
Time: 367.27 (ms)
435143
2000,8,3,8,32
Time: 367.102 (ms)
435143
2000,8,3,8,64
Time: 367.125 (ms)
435143
2000,8,3,8,128
Time: 366.974 (ms)
435143
2000,8,3,16,32
Time: 381.584 (ms)
435143
2000,8,3,16,64
Time: 380.894 (ms)
435143
2000,8,3,16,128
Time: 380.859 (ms)
435143
2000,10,1,1,1
Time: 387.338 (ms)
435143
2000,10,1,4,1
Time: 317.524 (ms)
435143
2000,10,1,8,1
Time: 315.947 (ms)
435143
2000,10,1,16,1
Time: 330.178 (ms)
435143
2000,10,2,1,1
Time: 385.773 (ms)
435143
2000,10,2,4,1
Time: 316.881 (ms)
435143
2000,10,2,8,1
Time: 316.318 (ms)
435143
2000,10,2,16,1
Time: 330.317 (ms)
435143
2000,10,3,1,32
Time: 387.903 (ms)
435143
2000,10,3,1,64
Time: 396.736 (ms)
435143
2000,10,3,1,128
Time: 388.403 (ms)
435143
2000,10,3,4,32
Time: 319.054 (ms)
435143
2000,10,3,4,64
Time: 317.868 (ms)
435143
2000,10,3,4,128
Time: 317.562 (ms)
435143
2000,10,3,8,32
Time: 317.5 (ms)
435143
2000,10,3,8,64
Time: 315.118 (ms)
435143
2000,10,3,8,128
Time: 315.947 (ms)
435143
2000,10,3,16,32
Time: 329.768 (ms)
435143
2000,10,3,16,64
Time: 331.365 (ms)
435143
2000,10,3,16,128
Time: 330.72 (ms)
435143
2000,12,1,1,1
Time: 362.728 (ms)
435143
2000,12,1,4,1
Time: 284.92 (ms)
435143
2000,12,1,8,1
Time: 282.817 (ms)
435143
2000,12,1,16,1
Time: 296.581 (ms)
435143
2000,12,2,1,1
Time: 364.571 (ms)
435143
2000,12,2,4,1
Time: 285.574 (ms)
435143
2000,12,2,8,1
Time: 283.178 (ms)
435143
2000,12,2,16,1
Time: 296.319 (ms)
435143
2000,12,3,1,32
Time: 360.202 (ms)
435143
2000,12,3,1,64
Time: 381.517 (ms)
435143
2000,12,3,1,128
Time: 361.95 (ms)
435143
2000,12,3,4,32
Time: 285.272 (ms)
435143
2000,12,3,4,64
Time: 285.555 (ms)
435143
2000,12,3,4,128
Time: 285.11 (ms)
435143
2000,12,3,8,32
Time: 282.572 (ms)
435143
2000,12,3,8,64
Time: 281.692 (ms)
435143
2000,12,3,8,128
Time: 282.22 (ms)
435143
2000,12,3,16,32
Time: 296.437 (ms)
435143
2000,12,3,16,64
Time: 297.456 (ms)
435143
2000,12,3,16,128
Time: 296.285 (ms)
435143
2000,14,1,1,1
Time: 351.88 (ms)
435143
2000,14,1,4,1
Time: 261.817 (ms)
435143
2000,14,1,8,1
Time: 259.203 (ms)
435143
2000,14,1,16,1
Time: 272.514 (ms)
435143
2000,14,2,1,1
Time: 351.197 (ms)
435143
2000,14,2,4,1
Time: 264.672 (ms)
435143
2000,14,2,8,1
Time: 260.145 (ms)
435143
2000,14,2,16,1
Time: 272.48 (ms)
435143
2000,14,3,1,32
Time: 352.807 (ms)
435143
2000,14,3,1,64
Time: 356.424 (ms)
435143
2000,14,3,1,128
Time: 352.76 (ms)
435143
2000,14,3,4,32
Time: 262.712 (ms)
435143
2000,14,3,4,64
Time: 263.902 (ms)
435143
2000,14,3,4,128
Time: 262.622 (ms)
435143
2000,14,3,8,32
Time: 258.504 (ms)
435143
2000,14,3,8,64
Time: 257.894 (ms)
435143
2000,14,3,8,128
Time: 259.391 (ms)
435143
2000,14,3,16,32
Time: 272.25 (ms)
435143
2000,14,3,16,64
Time: 272.863 (ms)
435143
2000,14,3,16,128
Time: 274.44 (ms)
435143
2000,16,1,1,1
Time: 342.226 (ms)
435143
2000,16,1,4,1
Time: 246.37 (ms)
435143
2000,16,1,8,1
Time: 240.522 (ms)
435143
2000,16,1,16,1
Time: 255.469 (ms)
435143
2000,16,2,1,1
Time: 354.005 (ms)
435143
2000,16,2,4,1
Time: 245.535 (ms)
435143
2000,16,2,8,1
Time: 240.793 (ms)
435143
2000,16,2,16,1
Time: 255.562 (ms)
435143
2000,16,3,1,32
Time: 360.283 (ms)
435143
2000,16,3,1,64
Time: 347.088 (ms)
435143
2000,16,3,1,128
Time: 343.808 (ms)
435143
2000,16,3,4,32
Time: 248.938 (ms)
435143
2000,16,3,4,64
Time: 247.011 (ms)
435143
2000,16,3,4,128
Time: 246.272 (ms)
435143
2000,16,3,8,32
Time: 241.217 (ms)
435143
2000,16,3,8,64
Time: 241.888 (ms)
435143
2000,16,3,8,128
Time: 240.206 (ms)
435143
2000,16,3,16,32
Time: 255.52 (ms)
435143
2000,16,3,16,64
Time: 255.342 (ms)
435143
2000,16,3,16,128
Time: 256.422 (ms)
435143
4000,1,0,1,1
Time: 59281.5 (ms)
1790845
4000,2,1,1,1
Time: 28264 (ms)
1790845
4000,2,1,4,1
Time: 26478 (ms)
1790845
4000,2,1,8,1
Time: 26406 (ms)
1790845
4000,2,1,16,1
Time: 26190.6 (ms)
1790845
4000,2,2,1,1
Time: 29477.8 (ms)
1790845
4000,2,2,4,1
Time: 26551.6 (ms)
1790845
4000,2,2,8,1
Time: 26388.3 (ms)
1790845
4000,2,2,16,1
Time: 26249.4 (ms)
1790845
4000,2,3,1,32
Time: 28260.9 (ms)
1790845
4000,2,3,1,64
Time: 28478.7 (ms)
1790845
4000,2,3,1,128
Time: 28941.8 (ms)
1790845
4000,2,3,4,32
Time: 26526.4 (ms)
1790845
4000,2,3,4,64
Time: 26477.4 (ms)
1790845
4000,2,3,4,128
Time: 27172 (ms)
1790845
4000,2,3,8,32
Time: 26209.9 (ms)
1790845
4000,2,3,8,64
Time: 26140.1 (ms)
1790845
4000,2,3,8,128
Time: 26106.6 (ms)
1790845
4000,2,3,16,32
Time: 28778.8 (ms)
1790845
4000,2,3,16,64
Time: 26250 (ms)
1790845
4000,2,3,16,128
Time: 26120.3 (ms)
1790845
4000,4,1,1,1
Time: 15516.5 (ms)
1790845
4000,4,1,4,1
Time: 13328 (ms)
1790845
4000,4,1,8,1
Time: 13287.8 (ms)
1790845
4000,4,1,16,1
Time: 13300.8 (ms)
1790845
4000,4,2,1,1
Time: 15968.6 (ms)
1790845
4000,4,2,4,1
Time: 13372 (ms)
1790845
4000,4,2,8,1
Time: 13209.3 (ms)
1790845
4000,4,2,16,1
Time: 13151.8 (ms)
1790845
4000,4,3,1,32
Time: 15273.7 (ms)
1790845
4000,4,3,1,64
Time: 15011.7 (ms)
1790845
4000,4,3,1,128
Time: 15133.1 (ms)
1790845
4000,4,3,4,32
Time: 13415.2 (ms)
1790845
4000,4,3,4,64
Time: 13448.2 (ms)
1790845
4000,4,3,4,128
Time: 13404.3 (ms)
1790845
4000,4,3,8,32
Time: 13380 (ms)
1790845
4000,4,3,8,64
Time: 13395.4 (ms)
1790845
4000,4,3,8,128
Time: 13174.4 (ms)
1790845
4000,4,3,16,32
Time: 13249.4 (ms)
1790845
4000,4,3,16,64
Time: 13325.6 (ms)
1790845
4000,4,3,16,128
Time: 13298.6 (ms)
1790845
4000,6,1,1,1
Time: 9658.77 (ms)
1790845
4000,6,1,4,1
Time: 9020.53 (ms)
1790845
4000,6,1,8,1
Time: 8981.16 (ms)
1790845
4000,6,1,16,1
Time: 9045.09 (ms)
1790845
4000,6,2,1,1
Time: 9728.74 (ms)
1790845
4000,6,2,4,1
Time: 8990.2 (ms)
1790845
4000,6,2,8,1
Time: 8957.53 (ms)
1790845
4000,6,2,16,1
Time: 9074.81 (ms)
1790845
4000,6,3,1,32
Time: 9700.9 (ms)
1790845
4000,6,3,1,64
Time: 9835.16 (ms)
1790845
4000,6,3,1,128
Time: 9770.05 (ms)
1790845
4000,6,3,4,32
Time: 8950.8 (ms)
1790845
4000,6,3,4,64
Time: 8964.16 (ms)
1790845
4000,6,3,4,128
Time: 8978.5 (ms)
1790845
4000,6,3,8,32
Time: 8970.26 (ms)
1790845
4000,6,3,8,64
Time: 8942.12 (ms)
1790845
4000,6,3,8,128
Time: 8992.66 (ms)
1790845
4000,6,3,16,32
Time: 9067.3 (ms)
1790845
4000,6,3,16,64
Time: 9053.61 (ms)
1790845
4000,6,3,16,128
Time: 8983.81 (ms)
1790845
4000,8,1,1,1
Time: 7176.54 (ms)
1790845
4000,8,1,4,1
Time: 6773.87 (ms)
1790845
4000,8,1,8,1
Time: 6776.72 (ms)
1790845
4000,8,1,16,1
Time: 6907.64 (ms)
1790845
4000,8,2,1,1
Time: 7128.45 (ms)
1790845
4000,8,2,4,1
Time: 6799.53 (ms)
1790845
4000,8,2,8,1
Time: 6787.68 (ms)
1790845
4000,8,2,16,1
Time: 6865.98 (ms)
1790845
4000,8,3,1,32
Time: 7134.79 (ms)
1790845
4000,8,3,1,64
Time: 7174.73 (ms)
1790845
4000,8,3,1,128
Time: 7175.98 (ms)
1790845
4000,8,3,4,32
Time: 6844.58 (ms)
1790845
4000,8,3,4,64
Time: 6837.87 (ms)
1790845
4000,8,3,4,128
Time: 6924.1 (ms)
1790845
4000,8,3,8,32
Time: 6838.15 (ms)
1790845
4000,8,3,8,64
Time: 6785.05 (ms)
1790845
4000,8,3,8,128
Time: 6747.18 (ms)
1790845
4000,8,3,16,32
Time: 6950.3 (ms)
1790845
4000,8,3,16,64
Time: 6942.08 (ms)
1790845
4000,8,3,16,128
Time: 6911.5 (ms)
1790845
4000,10,1,1,1
Time: 5751.88 (ms)
1790845
4000,10,1,4,1
Time: 5536.35 (ms)
1790845
4000,10,1,8,1
Time: 5529.05 (ms)
1790845
4000,10,1,16,1
Time: 5625.48 (ms)
1790845
4000,10,2,1,1
Time: 5700.71 (ms)
1790845
4000,10,2,4,1
Time: 5477.05 (ms)
1790845
4000,10,2,8,1
Time: 5485.91 (ms)
1790845
4000,10,2,16,1
Time: 5613.57 (ms)
1790845
4000,10,3,1,32
Time: 5758.68 (ms)
1790845
4000,10,3,1,64
Time: 5782.45 (ms)
1790845
4000,10,3,1,128
Time: 5759.81 (ms)
1790845
4000,10,3,4,32
Time: 5464.16 (ms)
1790845
4000,10,3,4,64
Time: 5451.58 (ms)
1790845
4000,10,3,4,128
Time: 5477.43 (ms)
1790845
4000,10,3,8,32
Time: 5525.25 (ms)
1790845
4000,10,3,8,64
Time: 5510.5 (ms)
1790845
4000,10,3,8,128
Time: 5496.8 (ms)
1790845
4000,10,3,16,32
Time: 5640.47 (ms)
1790845
4000,10,3,16,64
Time: 5680.83 (ms)
1790845
4000,10,3,16,128
Time: 5637.5 (ms)
1790845
4000,12,1,1,1
Time: 4880.87 (ms)
1790845
4000,12,1,4,1
Time: 4649.14 (ms)
1790845
4000,12,1,8,1
Time: 4655.14 (ms)
1790845
4000,12,1,16,1
Time: 4799.26 (ms)
1790845
4000,12,2,1,1
Time: 5020.99 (ms)
1790845
4000,12,2,4,1
Time: 4667.35 (ms)
1790845
4000,12,2,8,1
Time: 4681.13 (ms)
1790845
4000,12,2,16,1
Time: 4801.5 (ms)
1790845
4000,12,3,1,32
Time: 4961.54 (ms)
1790845
4000,12,3,1,64
Time: 4988.74 (ms)
1790845
4000,12,3,1,128
Time: 4881.16 (ms)
1790845
4000,12,3,4,32
Time: 4639.03 (ms)
1790845
4000,12,3,4,64
Time: 4666.03 (ms)
1790845
4000,12,3,4,128
Time: 4632.19 (ms)
1790845
4000,12,3,8,32
Time: 4638.92 (ms)
1790845
4000,12,3,8,64
Time: 4621.79 (ms)
1790845
4000,12,3,8,128
Time: 4620.41 (ms)
1790845
4000,12,3,16,32
Time: 4788.94 (ms)
1790845
4000,12,3,16,64
Time: 4846.66 (ms)
1790845
4000,12,3,16,128
Time: 4790.69 (ms)
1790845
4000,14,1,1,1
Time: 4265.29 (ms)
1790845
4000,14,1,4,1
Time: 4017.21 (ms)
1790845
4000,14,1,8,1
Time: 4035.08 (ms)
1790845
4000,14,1,16,1
Time: 4171.79 (ms)
1790845
4000,14,2,1,1
Time: 4278.37 (ms)
1790845
4000,14,2,4,1
Time: 4010.45 (ms)
1790845
4000,14,2,8,1
Time: 3999.66 (ms)
1790845
4000,14,2,16,1
Time: 4167.62 (ms)
1790845
4000,14,3,1,32
Time: 4230.35 (ms)
1790845
4000,14,3,1,64
Time: 4343.83 (ms)
1790845
4000,14,3,1,128
Time: 4308.71 (ms)
1790845
4000,14,3,4,32
Time: 3997.8 (ms)
1790845
4000,14,3,4,64
Time: 3989.69 (ms)
1790845
4000,14,3,4,128
Time: 4028.5 (ms)
1790845
4000,14,3,8,32
Time: 4025.64 (ms)
1790845
4000,14,3,8,64
Time: 4025.06 (ms)
1790845
4000,14,3,8,128
Time: 4047.25 (ms)
1790845
4000,14,3,16,32
Time: 4202.5 (ms)
1790845
4000,14,3,16,64
Time: 4196.66 (ms)
1790845
4000,14,3,16,128
Time: 4206.13 (ms)
1790845
4000,16,1,1,1
Time: 3835.46 (ms)
1790845
4000,16,1,4,1
Time: 3525.86 (ms)
1790845
4000,16,1,8,1
Time: 3572.44 (ms)
1790845
4000,16,1,16,1
Time: 3717.32 (ms)
1790845
4000,16,2,1,1
Time: 3810.09 (ms)
1790845
4000,16,2,4,1
Time: 3577.4 (ms)
1790845
4000,16,2,8,1
Time: 3585.64 (ms)
1790845
4000,16,2,16,1
Time: 3748.18 (ms)
1790845
4000,16,3,1,32
Time: 3861.98 (ms)
1790845
4000,16,3,1,64
Time: 3836.39 (ms)
1790845
4000,16,3,1,128
Time: 3817.32 (ms)
1790845
4000,16,3,4,32
Time: 3594.82 (ms)
1790845
4000,16,3,4,64
Time: 3546.17 (ms)
1790845
4000,16,3,4,128
Time: 3586.61 (ms)
1790845
4000,16,3,8,32
Time: 3598.19 (ms)
1790845
4000,16,3,8,64
Time: 3573.6 (ms)
1790845
4000,16,3,8,128
Time: 3569.37 (ms)
1790845
4000,16,3,16,32
Time: 3759.8 (ms)
1790845
4000,16,3,16,64
Time: 3765.96 (ms)
1790845
4000,16,3,16,128
Time: 3729.52 (ms)
1790845
6000,1,0,1,1
Time: 251744 (ms)
3687649
6000,2,1,1,1
Time: 122161 (ms)
3687649
6000,2,1,4,1
Time: 122184 (ms)
3687649
6000,2,1,8,1
Time: 121750 (ms)
3687649
6000,2,1,16,1
Time: 121131 (ms)
3687649
6000,2,2,1,1
Time: 126333 (ms)
3687649
6000,2,2,4,1
Time: 122881 (ms)
3687649
6000,2,2,8,1
Time: 122211 (ms)
3687649
6000,2,2,16,1
Time: 121184 (ms)
3687649
6000,2,3,1,32
Time: 122391 (ms)
3687649
6000,2,3,1,64
Time: 123714 (ms)
3687649
6000,2,3,1,128
Time: 123854 (ms)
3687649
6000,2,3,4,32
Time: 121659 (ms)
3687649
6000,2,3,4,64
Time: 121093 (ms)
3687649
6000,2,3,4,128
Time: 122129 (ms)
3687649
6000,2,3,8,32
Time: 121549 (ms)
3687649
6000,2,3,8,64
Time: 121305 (ms)
3687649
6000,2,3,8,128
Time: 121191 (ms)
3687649
6000,2,3,16,32
Time: 122238 (ms)
3687649
6000,2,3,16,64
Time: 122275 (ms)
3687649
6000,2,3,16,128
Time: 122601 (ms)
3687649
6000,4,1,1,1
Time: 64633.5 (ms)
3687649
6000,4,1,4,1
Time: 61800.8 (ms)
3687649
6000,4,1,8,1
Time: 61028.5 (ms)
3687649
6000,4,1,16,1
Time: 61575.4 (ms)
3687649
6000,4,2,1,1
Time: 62855.9 (ms)
3687649
6000,4,2,4,1
Time: 61476.4 (ms)
3687649
6000,4,2,8,1
Time: 63099.5 (ms)
3687649
6000,4,2,16,1
Time: 61487.2 (ms)
3687649
6000,4,3,1,32
Time: 66707.8 (ms)
3687649
6000,4,3,1,64
Time: 64918.6 (ms)
3687649
6000,4,3,1,128
Time: 64139.8 (ms)
3687649
6000,4,3,4,32
Time: 61885.2 (ms)
3687649
6000,4,3,4,64
Time: 61885.7 (ms)
3687649
6000,4,3,4,128
Time: 63849.3 (ms)
3687649
6000,4,3,8,32
Time: 65968.6 (ms)
3687649
6000,4,3,8,64
Time: 61398.4 (ms)
3687649
6000,4,3,8,128
Time: 60941.3 (ms)
3687649
6000,4,3,16,32
Time: 60968.7 (ms)
3687649
6000,4,3,16,64
Time: 61303.8 (ms)
3687649
6000,4,3,16,128
Time: 61644.1 (ms)
3687649
6000,6,1,1,1
Time: 44069.7 (ms)
3687649
6000,6,1,4,1
Time: 41690.6 (ms)
3687649
6000,6,1,8,1
Time: 41541.8 (ms)
3687649
6000,6,1,16,1
Time: 41769 (ms)
3687649
6000,6,2,1,1
Time: 43503.6 (ms)
3687649
6000,6,2,4,1
Time: 41357.7 (ms)
3687649
6000,6,2,8,1
Time: 40917.7 (ms)
3687649
6000,6,2,16,1
Time: 41533.7 (ms)
3687649
6000,6,3,1,32
Time: 44283.4 (ms)
3687649
6000,6,3,1,64
Time: 43917.2 (ms)
3687649
6000,6,3,1,128
Time: 44168.6 (ms)
3687649
6000,6,3,4,32
Time: 42350.1 (ms)
3687649
6000,6,3,4,64
Time: 41181.8 (ms)
3687649
6000,6,3,4,128
Time: 41063.5 (ms)
3687649
6000,6,3,8,32
Time: 40845.5 (ms)
3687649
6000,6,3,8,64
Time: 41409.5 (ms)
3687649
6000,6,3,8,128
Time: 41259.4 (ms)
3687649
6000,6,3,16,32
Time: 41704.4 (ms)
3687649
6000,6,3,16,64
Time: 41583.4 (ms)
3687649
6000,6,3,16,128
Time: 42046.3 (ms)
3687649
6000,8,1,1,1
Time: 32651.8 (ms)
3687649
6000,8,1,4,1
Time: 31084.6 (ms)
3687649
6000,8,1,8,1
Time: 31145.7 (ms)
3687649
6000,8,1,16,1
Time: 31556.4 (ms)
3687649
6000,8,2,1,1
Time: 33426.9 (ms)
3687649
6000,8,2,4,1
Time: 31285.1 (ms)
3687649
6000,8,2,8,1
Time: 31270.7 (ms)
3687649
6000,8,2,16,1
Time: 31878.5 (ms)
3687649
6000,8,3,1,32
Time: 32476.4 (ms)
3687649
6000,8,3,1,64
Time: 32964.3 (ms)
3687649
6000,8,3,1,128
Time: 34980.3 (ms)
3687649
6000,8,3,4,32
Time: 32722.6 (ms)
3687649
6000,8,3,4,64
Time: 31350.8 (ms)
3687649
6000,8,3,4,128
Time: 30970.1 (ms)
3687649
6000,8,3,8,32
Time: 31160.8 (ms)
3687649
6000,8,3,8,64
Time: 31204.5 (ms)
3687649
6000,8,3,8,128
Time: 31445.2 (ms)
3687649
6000,8,3,16,32
Time: 31743.9 (ms)
3687649
6000,8,3,16,64
Time: 31560.6 (ms)
3687649
6000,8,3,16,128
Time: 32344.2 (ms)
3687649
6000,10,1,1,1
Time: 27525.2 (ms)
3687649
6000,10,1,4,1
Time: 25430.5 (ms)
3687649
6000,10,1,8,1
Time: 24936.2 (ms)
3687649
6000,10,1,16,1
Time: 26466.4 (ms)
3687649
6000,10,2,1,1
Time: 27564.7 (ms)
3687649
6000,10,2,4,1
Time: 25577.2 (ms)
3687649
6000,10,2,8,1
Time: 25609.6 (ms)
3687649
6000,10,2,16,1
Time: 25857.4 (ms)
3687649
6000,10,3,1,32
Time: 27126.7 (ms)
3687649
6000,10,3,1,64
Time: 26839.3 (ms)
3687649
6000,10,3,1,128
Time: 27372.3 (ms)
3687649
6000,10,3,4,32
Time: 24946.6 (ms)
3687649
6000,10,3,4,64
Time: 25248.6 (ms)
3687649
6000,10,3,4,128
Time: 25716.1 (ms)
3687649
6000,10,3,8,32
Time: 25065 (ms)
3687649
6000,10,3,8,64
Time: 25533.9 (ms)
3687649
6000,10,3,8,128
Time: 25275.2 (ms)
3687649
6000,10,3,16,32
Time: 25664.6 (ms)
3687649
6000,10,3,16,64
Time: 25996.8 (ms)
3687649
6000,10,3,16,128
Time: 26221 (ms)
3687649
6000,12,1,1,1
Time: 23377.5 (ms)
3687649
6000,12,1,4,1
Time: 21492.9 (ms)
3687649
6000,12,1,8,1
Time: 20942.6 (ms)
3687649
6000,12,1,16,1
Time: 21558.6 (ms)
3687649
6000,12,2,1,1
Time: 22369.4 (ms)
3687649
6000,12,2,4,1
Time: 21759.1 (ms)
3687649
6000,12,2,8,1
Time: 21048.7 (ms)
3687649
6000,12,2,16,1
Time: 22342.5 (ms)
3687649
6000,12,3,1,32
Time: 23371.1 (ms)
3687649
6000,12,3,1,64
Time: 23194.9 (ms)
3687649
6000,12,3,1,128
Time: 22797.9 (ms)
3687649
6000,12,3,4,32
Time: 21095.4 (ms)
3687649
6000,12,3,4,64
Time: 20989.1 (ms)
3687649
6000,12,3,4,128
Time: 21867.7 (ms)
3687649
6000,12,3,8,32
Time: 21182 (ms)
3687649
6000,12,3,8,64
Time: 21396.9 (ms)
3687649
6000,12,3,8,128
Time: 21521.8 (ms)
3687649
6000,12,3,16,32
Time: 21872.7 (ms)
3687649
6000,12,3,16,64
Time: 21536.8 (ms)
3687649
6000,12,3,16,128
Time: 22622.5 (ms)
3687649
6000,14,1,1,1
Time: 20464.7 (ms)
3687649
6000,14,1,4,1
Time: 18528.6 (ms)
3687649
6000,14,1,8,1
Time: 18356.2 (ms)
3687649
6000,14,1,16,1
Time: 18753.1 (ms)
3687649
6000,14,2,1,1
Time: 20785 (ms)
3687649
6000,14,2,4,1
Time: 19784.6 (ms)
3687649
6000,14,2,8,1
Time: 18374.1 (ms)
3687649
6000,14,2,16,1
Time: 19014.8 (ms)
3687649
6000,14,3,1,32
Time: 20543.3 (ms)
3687649
6000,14,3,1,64
Time: 20940.3 (ms)
3687649
6000,14,3,1,128
Time: 20902.2 (ms)
3687649
6000,14,3,4,32
Time: 18499.5 (ms)
3687649
6000,14,3,4,64
Time: 18474.8 (ms)
3687649
6000,14,3,4,128
Time: 18961.4 (ms)
3687649
6000,14,3,8,32
Time: 18397.2 (ms)
3687649
6000,14,3,8,64
Time: 18849.3 (ms)
3687649
6000,14,3,8,128
Time: 18638.6 (ms)
3687649
6000,14,3,16,32
Time: 19189.9 (ms)
3687649
6000,14,3,16,64
Time: 18885.9 (ms)
3687649
6000,14,3,16,128
Time: 18931.7 (ms)
3687649
6000,16,1,1,1
Time: 18221.6 (ms)
3687649
6000,16,1,4,1
Time: 16219.8 (ms)
3687649
6000,16,1,8,1
Time: 16163.6 (ms)
3687649
6000,16,1,16,1
Time: 17351.9 (ms)
3687649
6000,16,2,1,1
Time: 18215.3 (ms)
3687649
6000,16,2,4,1
Time: 16975.3 (ms)
3687649
6000,16,2,8,1
Time: 16340.8 (ms)
3687649
6000,16,2,16,1
Time: 16696.6 (ms)
3687649
6000,16,3,1,32
Time: 18518.6 (ms)
3687649
6000,16,3,1,64
Time: 18095.1 (ms)
3687649
6000,16,3,1,128
Time: 19260 (ms)
3687649
6000,16,3,4,32
Time: 16327.8 (ms)
3687649
6000,16,3,4,64
Time: 17741.8 (ms)
3687649
6000,16,3,4,128
Time: 16139.3 (ms)
3687649
6000,16,3,8,32
Time: 17111.3 (ms)
3687649
6000,16,3,8,64
Time: 16160.7 (ms)
3687649
6000,16,3,8,128
Time: 17054.6 (ms)
3687649
6000,16,3,16,32
Time: 16559.4 (ms)
3687649
6000,16,3,16,64
Time: 16729.7 (ms)
3687649
6000,16,3,16,128
Time: 16808.1 (ms)
3687649
8000,1,0,1,1
Time: 616660 (ms)
6473351
8000,2,1,1,1
Time: 314933 (ms)
6473351
8000,2,1,4,1
N,nworkers,policy,tileSize,chunkSize
N,nworkers,policy,tileSize,chunkSize
8000,1,0,1,1,614310 ()
6473351
8000,2,1,1,1,317495 ()
6473351
8000,2,1,4,1,310353 ()
6473351
8000,2,1,8,1,309445 ()
6473351
8000,2,1,16,1,316983 ()
6473351
8000,2,2,1,1,316500 ()
6473351
8000,2,2,4,1,309511 ()
6473351
8000,2,2,8,1,309662 ()
6473351
8000,2,2,16,1,309670 ()
6473351
8000,2,3,1,32,318970 ()
6473351
8000,2,3,1,64,319078 ()
6473351
8000,2,3,1,128,346112 ()
6473351
8000,2,3,4,32,311959 ()
6473351
8000,2,3,4,64,313654 ()
6473351
8000,2,3,4,128,360781 ()
6473351
8000,2,3,8,32,324273 ()
6473351
8000,2,3,8,64,313450 ()
6473351
8000,2,3,8,128,310220 ()
6473351
8000,2,3,16,32,310825 ()
6473351
8000,2,3,16,64,312035 ()
6473351
8000,2,3,16,128,310727 ()
6473351
8000,4,1,1,1,166318 ()
6473351
8000,4,1,4,1,158396 ()
6473351
8000,4,1,8,1,157847 ()
6473351
8000,4,1,16,1,160858 ()
6473351
8000,4,2,1,1,167350 ()
6473351
8000,4,2,4,1,178658 ()
6473351
8000,4,2,8,1,154827 ()
6473351
8000,4,2,16,1,159855 ()
6473351
8000,4,3,1,32,176875 ()
6473351
8000,4,3,1,64,165373 ()
6473351
8000,4,3,1,128,164894 ()
6473351
8000,4,3,4,32,157133 ()
6473351
8000,4,3,4,64,162466 ()
6473351
8000,4,3,4,128,156012 ()
6473351
8000,4,3,8,32,156531 ()
6473351
N,nworkers,policy,tileSize,chunkSize
