N,nworkers,policy,tileSize,chunkSize
1000,1,0,1,1,202.001
100135
1000,2,1,1,1,215.41
100135
1000,2,1,4,1,189.869
100135
1000,2,1,8,1,186.366
100135
1000,2,1,16,1,188.697
100135
1000,2,2,1,1,210.723
100135
1000,2,2,4,1,190.124
100135
1000,2,2,8,1,186.501
100135
1000,2,2,16,1,188.113
100135
1000,2,3,1,32,213.235
100135
1000,2,3,1,64,207.61
100135
1000,2,3,1,128,211.05
100135
1000,2,3,4,32,189.262
100135
1000,2,3,4,64,189.906
100135
1000,2,3,4,128,189.608
100135
1000,2,3,8,32,185.976
100135
1000,2,3,8,64,186.66
100135
1000,2,3,8,128,187.652
100135
1000,2,3,16,32,188.858
100135
1000,2,3,16,64,187.892
100135
1000,2,3,16,128,188.164
100135
1000,4,1,1,1,161.077
100135
1000,4,1,4,1,140.104
100135
1000,4,1,8,1,137.987
100135
1000,4,1,16,1,138.581
100135
1000,4,2,1,1,162.337
100135
1000,4,2,4,1,140.436
100135
1000,4,2,8,1,136.998
100135
1000,4,2,16,1,139.472
100135
1000,4,3,1,32,163.776
100135
1000,4,3,1,64,165.978
100135
1000,4,3,1,128,162.796
100135
1000,4,3,4,32,141.434
100135
1000,4,3,4,64,140.696
100135
1000,4,3,4,128,139.675
100135
1000,4,3,8,32,137.73
100135
1000,4,3,8,64,138.646
100135
1000,4,3,8,128,138.263
100135
1000,4,3,16,32,138.353
100135
1000,4,3,16,64,139.338
100135
1000,4,3,16,128,138.445
100135
1000,6,1,1,1,151.208
100135
1000,6,1,4,1,125.051
100135
1000,6,1,8,1,121.554
100135
1000,6,1,16,1,122.049
100135
1000,6,2,1,1,152.479
100135
1000,6,2,4,1,125.221
100135
1000,6,2,8,1,122.708
100135
1000,6,2,16,1,122.949
100135
1000,6,3,1,32,151.304
100135
1000,6,3,1,64,154.385
100135
1000,6,3,1,128,151.538
100135
1000,6,3,4,32,124.878
100135
1000,6,3,4,64,125.316
100135
1000,6,3,4,128,125.635
100135
1000,6,3,8,32,121.937
100135
1000,6,3,8,64,121.374
100135
1000,6,3,8,128,121.982
100135
1000,6,3,16,32,123.186
100135
1000,6,3,16,64,122.94
100135
1000,6,3,16,128,122.065
100135
1000,8,1,1,1,150.922
100135
1000,8,1,4,1,117.488
100135
1000,8,1,8,1,114.021
100135
1000,8,1,16,1,114.575
100135
1000,8,2,1,1,153.624
100135
1000,8,2,4,1,117.557
100135
1000,8,2,8,1,114.667
100135
1000,8,2,16,1,114.68
100135
1000,8,3,1,32,151.762
100135
1000,8,3,1,64,153.052
100135
1000,8,3,1,128,150.453
100135
1000,8,3,4,32,117.734
100135
1000,8,3,4,64,117.673
100135
1000,8,3,4,128,117.749
100135
1000,8,3,8,32,114.555
100135
1000,8,3,8,64,114.16
100135
1000,8,3,8,128,115.07
100135
1000,8,3,16,32,115.008
100135
1000,8,3,16,64,114.866
100135
1000,8,3,16,128,115.006
100135
1000,10,1,1,1,153.961
100135
1000,10,1,4,1,114.523
100135
1000,10,1,8,1,109.457
100135
1000,10,1,16,1,109.605
100135
1000,10,2,1,1,151.915
100135
1000,10,2,4,1,114.42
100135
1000,10,2,8,1,109.294
100135
1000,10,2,16,1,109.862
100135
1000,10,3,1,32,152.765
100135
1000,10,3,1,64,154.653
100135
1000,10,3,1,128,151.282
100135
1000,10,3,4,32,114.343
100135
1000,10,3,4,64,114.071
100135
1000,10,3,4,128,114.172
100135
1000,10,3,8,32,109.913
100135
1000,10,3,8,64,110.92
100135
1000,10,3,8,128,110.49
100135
1000,10,3,16,32,109.991
100135
1000,10,3,16,64,109.606
100135
1000,10,3,16,128,110.003
100135
1000,12,1,1,1,152.115
100135
1000,12,1,4,1,112.737
100135
1000,12,1,8,1,106.695
100135
1000,12,1,16,1,107.049
100135
1000,12,2,1,1,155.509
100135
1000,12,2,4,1,112.373
100135
1000,12,2,8,1,106.684
100135
1000,12,2,16,1,107.444
100135
1000,12,3,1,32,154.066
100135
1000,12,3,1,64,156.755
100135
1000,12,3,1,128,154.761
100135
1000,12,3,4,32,112.081
100135
1000,12,3,4,64,112.528
100135
1000,12,3,4,128,112.819
100135
1000,12,3,8,32,106.581
100135
1000,12,3,8,64,107.5
100135
1000,12,3,8,128,107.321
100135
1000,12,3,16,32,106.813
100135
1000,12,3,16,64,106.909
100135
1000,12,3,16,128,107.008
100135
1000,14,1,1,1,157.484
100135
1000,14,1,4,1,111.781
100135
1000,14,1,8,1,105.679
100135
1000,14,1,16,1,105.511
100135
1000,14,2,1,1,157.108
100135
1000,14,2,4,1,110.881
100135
1000,14,2,8,1,104.957
100135
1000,14,2,16,1,104.724
100135
1000,14,3,1,32,158.746
100135
1000,14,3,1,64,159.296
100135
1000,14,3,1,128,160.024
100135
1000,14,3,4,32,111.672
100135
1000,14,3,4,64,112.135
100135
1000,14,3,4,128,112.282
100135
1000,14,3,8,32,104.975
100135
1000,14,3,8,64,105.789
100135
1000,14,3,8,128,105.776
100135
1000,14,3,16,32,105.563
100135
1000,14,3,16,64,104.88
100135
1000,14,3,16,128,106.279
100135
1000,16,1,1,1,162.388
100135
1000,16,1,4,1,111.512
100135
1000,16,1,8,1,104.512
100135
1000,16,1,16,1,104.216
100135
1000,16,2,1,1,162.836
100135
1000,16,2,4,1,111.908
100135
1000,16,2,8,1,104.526
100135
1000,16,2,16,1,104.093
100135
1000,16,3,1,32,163.137
100135
1000,16,3,1,64,167.154
100135
1000,16,3,1,128,162.821
100135
1000,16,3,4,32,111.291
100135
1000,16,3,4,64,110.866
100135
1000,16,3,4,128,111.949
100135
1000,16,3,8,32,103.993
100135
1000,16,3,8,64,104.465
100135
1000,16,3,8,128,104.643
100135
1000,16,3,16,32,103.347
100135
1000,16,3,16,64,103.641
100135
1000,16,3,16,128,104.526
100135
2000,1,0,1,1,2514.3
435143
2000,2,1,1,1,1575.94
435143
2000,2,1,4,1,1264.89
435143
2000,2,1,8,1,1200.61
435143
2000,2,1,16,1,1178.24
435143
2000,2,2,1,1,1455.06
435143
2000,2,2,4,1,1261.68
435143
2000,2,2,8,1,1205.69
435143
2000,2,2,16,1,1173.37
435143
2000,2,3,1,32,1455.71
435143
2000,2,3,1,64,1479.99
435143
2000,2,3,1,128,1472.92
435143
2000,2,3,4,32,1249.26
435143
2000,2,3,4,64,1255.51
435143
2000,2,3,4,128,1261.38
435143
2000,2,3,8,32,1206.46
435143
2000,2,3,8,64,1204.52
435143
2000,2,3,8,128,1204.22
435143
2000,2,3,16,32,1181.75
435143
2000,2,3,16,64,1183.98
435143
2000,2,3,16,128,1179.82
435143
2000,4,1,1,1,682.395
435143
2000,4,1,4,1,629.296
435143
2000,4,1,8,1,626.747
435143
2000,4,1,16,1,636.451
435143
2000,4,2,1,1,682.568
435143
2000,4,2,4,1,627.984
435143
2000,4,2,8,1,625.197
435143
2000,4,2,16,1,635.654
435143
2000,4,3,1,32,682.285
435143
2000,4,3,1,64,686.369
435143
2000,4,3,1,128,686.833
435143
2000,4,3,4,32,629.664
435143
2000,4,3,4,64,629.608
435143
2000,4,3,4,128,629.146
435143
2000,4,3,8,32,627.355
435143
2000,4,3,8,64,625.119
435143
2000,4,3,8,128,626.811
435143
2000,4,3,16,32,637.185
435143
2000,4,3,16,64,637.808
435143
2000,4,3,16,128,635.821
435143
2000,6,1,1,1,508.158
435143
2000,6,1,4,1,453.907
435143
2000,6,1,8,1,453.232
435143
2000,6,1,16,1,466.098
435143
2000,6,2,1,1,510.187
435143
2000,6,2,4,1,455.871
435143
2000,6,2,8,1,455.076
435143
2000,6,2,16,1,465.656
435143
2000,6,3,1,32,509.933
435143
2000,6,3,1,64,511.128
435143
2000,6,3,1,128,506.082
435143
2000,6,3,4,32,453.467
435143
2000,6,3,4,64,454.28
435143
2000,6,3,4,128,454.354
435143
2000,6,3,8,32,452.093
435143
2000,6,3,8,64,451.506
435143
2000,6,3,8,128,452.042
435143
2000,6,3,16,32,464.918
435143
2000,6,3,16,64,465.687
435143
2000,6,3,16,128,465.909
435143
2000,8,1,1,1,435.366
435143
2000,8,1,4,1,369.795
435143
2000,8,1,8,1,367.016
435143
2000,8,1,16,1,380.818
435143
2000,8,2,1,1,439.043
435143
2000,8,2,4,1,368.163
435143
2000,8,2,8,1,367.204
435143
2000,8,2,16,1,380.904
435143
2000,8,3,1,32,433.67
435143
2000,8,3,1,64,431.659
435143
2000,8,3,1,128,431.187
435143
2000,8,3,4,32,368.301
435143
2000,8,3,4,64,369.433
435143
2000,8,3,4,128,367.27
435143
2000,8,3,8,32,367.102
435143
2000,8,3,8,64,367.125
435143
2000,8,3,8,128,366.974
435143
2000,8,3,16,32,381.584
435143
2000,8,3,16,64,380.894
435143
2000,8,3,16,128,380.859
435143
2000,10,1,1,1,387.338
435143
2000,10,1,4,1,317.524
435143
2000,10,1,8,1,315.947
435143
2000,10,1,16,1,330.178
435143
2000,10,2,1,1,385.773
435143
2000,10,2,4,1,316.881
435143
2000,10,2,8,1,316.318
435143
2000,10,2,16,1,330.317
435143
2000,10,3,1,32,387.903
435143
2000,10,3,1,64,396.736
435143
2000,10,3,1,128,388.403
435143
2000,10,3,4,32,319.054
435143
2000,10,3,4,64,317.868
435143
2000,10,3,4,128,317.562
435143
2000,10,3,8,32,317.5
435143
2000,10,3,8,64,315.118
435143
2000,10,3,8,128,315.947
435143
2000,10,3,16,32,329.768
435143
2000,10,3,16,64,331.365
435143
2000,10,3,16,128,330.72
435143
2000,12,1,1,1,362.728
435143
2000,12,1,4,1,284.92
435143
2000,12,1,8,1,282.817
435143
2000,12,1,16,1,296.581
435143
2000,12,2,1,1,364.571
435143
2000,12,2,4,1,285.574
435143
2000,12,2,8,1,283.178
435143
2000,12,2,16,1,296.319
435143
2000,12,3,1,32,360.202
435143
2000,12,3,1,64,381.517
435143
2000,12,3,1,128,361.95
435143
2000,12,3,4,32,285.272
435143
2000,12,3,4,64,285.555
435143
2000,12,3,4,128,285.11
435143
2000,12,3,8,32,282.572
435143
2000,12,3,8,64,281.692
435143
2000,12,3,8,128,282.22
435143
2000,12,3,16,32,296.437
435143
2000,12,3,16,64,297.456
435143
2000,12,3,16,128,296.285
435143
2000,14,1,1,1,351.88
435143
2000,14,1,4,1,261.817
435143
2000,14,1,8,1,259.203
435143
2000,14,1,16,1,272.514
435143
2000,14,2,1,1,351.197
435143
2000,14,2,4,1,264.672
435143
2000,14,2,8,1,260.145
435143
2000,14,2,16,1,272.48
435143
2000,14,3,1,32,352.807
435143
2000,14,3,1,64,356.424
435143
2000,14,3,1,128,352.76
435143
2000,14,3,4,32,262.712
435143
2000,14,3,4,64,263.902
435143
2000,14,3,4,128,262.622
435143
2000,14,3,8,32,258.504
435143
2000,14,3,8,64,257.894
435143
2000,14,3,8,128,259.391
435143
2000,14,3,16,32,272.25
435143
2000,14,3,16,64,272.863
435143
2000,14,3,16,128,274.44
435143
2000,16,1,1,1,342.226
435143
2000,16,1,4,1,246.37
435143
2000,16,1,8,1,240.522
435143
2000,16,1,16,1,255.469
435143
2000,16,2,1,1,354.005
435143
2000,16,2,4,1,245.535
435143
2000,16,2,8,1,240.793
435143
2000,16,2,16,1,255.562
435143
2000,16,3,1,32,360.283
435143
2000,16,3,1,64,347.088
435143
2000,16,3,1,128,343.808
435143
2000,16,3,4,32,248.938
435143
2000,16,3,4,64,247.011
435143
2000,16,3,4,128,246.272
435143
2000,16,3,8,32,241.217
435143
2000,16,3,8,64,241.888
435143
2000,16,3,8,128,240.206
435143
2000,16,3,16,32,255.52
435143
2000,16,3,16,64,255.342
435143
2000,16,3,16,128,256.422
435143
4000,1,0,1,1,59281.5
1790845
4000,2,1,1,1,28264
1790845
4000,2,1,4,1,26478
1790845
4000,2,1,8,1,26406
1790845
4000,2,1,16,1,26190.6
1790845
4000,2,2,1,1,29477.8
1790845
4000,2,2,4,1,26551.6
1790845
4000,2,2,8,1,26388.3
1790845
4000,2,2,16,1,26249.4
1790845
4000,2,3,1,32,28260.9
1790845
4000,2,3,1,64,28478.7
1790845
4000,2,3,1,128,28941.8
1790845
4000,2,3,4,32,26526.4
1790845
4000,2,3,4,64,26477.4
1790845
4000,2,3,4,128,27172
1790845
4000,2,3,8,32,26209.9
1790845
4000,2,3,8,64,26140.1
1790845
4000,2,3,8,128,26106.6
1790845
4000,2,3,16,32,28778.8
1790845
4000,2,3,16,64,26250
1790845
4000,2,3,16,128,26120.3
1790845
4000,4,1,1,1,15516.5
1790845
4000,4,1,4,1,13328
1790845
4000,4,1,8,1,13287.8
1790845
4000,4,1,16,1,13300.8
1790845
4000,4,2,1,1,15968.6
1790845
4000,4,2,4,1,13372
1790845
4000,4,2,8,1,13209.3
1790845
4000,4,2,16,1,13151.8
1790845
4000,4,3,1,32,15273.7
1790845
4000,4,3,1,64,15011.7
1790845
4000,4,3,1,128,15133.1
1790845
4000,4,3,4,32,13415.2
1790845
4000,4,3,4,64,13448.2
1790845
4000,4,3,4,128,13404.3
1790845
4000,4,3,8,32,13380
1790845
4000,4,3,8,64,13395.4
1790845
4000,4,3,8,128,13174.4
1790845
4000,4,3,16,32,13249.4
1790845
4000,4,3,16,64,13325.6
1790845
4000,4,3,16,128,13298.6
1790845
4000,6,1,1,1,9658.77
1790845
4000,6,1,4,1,9020.53
1790845
4000,6,1,8,1,8981.16
1790845
4000,6,1,16,1,9045.09
1790845
4000,6,2,1,1,9728.74
1790845
4000,6,2,4,1,8990.2
1790845
4000,6,2,8,1,8957.53
1790845
4000,6,2,16,1,9074.81
1790845
4000,6,3,1,32,9700.9
1790845
4000,6,3,1,64,9835.16
1790845
4000,6,3,1,128,9770.05
1790845
4000,6,3,4,32,8950.8
1790845
4000,6,3,4,64,8964.16
1790845
4000,6,3,4,128,8978.5
1790845
4000,6,3,8,32,8970.26
1790845
4000,6,3,8,64,8942.12
1790845
4000,6,3,8,128,8992.66
1790845
4000,6,3,16,32,9067.3
1790845
4000,6,3,16,64,9053.61
1790845
4000,6,3,16,128,8983.81
1790845
4000,8,1,1,1,7176.54
1790845
4000,8,1,4,1,6773.87
1790845
4000,8,1,8,1,6776.72
1790845
4000,8,1,16,1,6907.64
1790845
4000,8,2,1,1,7128.45
1790845
4000,8,2,4,1,6799.53
1790845
4000,8,2,8,1,6787.68
1790845
4000,8,2,16,1,6865.98
1790845
4000,8,3,1,32,7134.79
1790845
4000,8,3,1,64,7174.73
1790845
4000,8,3,1,128,7175.98
1790845
4000,8,3,4,32,6844.58
1790845
4000,8,3,4,64,6837.87
1790845
4000,8,3,4,128,6924.1
1790845
4000,8,3,8,32,6838.15
1790845
4000,8,3,8,64,6785.05
1790845
4000,8,3,8,128,6747.18
1790845
4000,8,3,16,32,6950.3
1790845
4000,8,3,16,64,6942.08
1790845
4000,8,3,16,128,6911.5
1790845
4000,10,1,1,1,5751.88
1790845
4000,10,1,4,1,5536.35
1790845
4000,10,1,8,1,5529.05
1790845
4000,10,1,16,1,5625.48
1790845
4000,10,2,1,1,5700.71
1790845
4000,10,2,4,1,5477.05
1790845
4000,10,2,8,1,5485.91
1790845
4000,10,2,16,1,5613.57
1790845
4000,10,3,1,32,5758.68
1790845
4000,10,3,1,64,5782.45
1790845
4000,10,3,1,128,5759.81
1790845
4000,10,3,4,32,5464.16
1790845
4000,10,3,4,64,5451.58
1790845
4000,10,3,4,128,5477.43
1790845
4000,10,3,8,32,5525.25
1790845
4000,10,3,8,64,5510.5
1790845
4000,10,3,8,128,5496.8
1790845
4000,10,3,16,32,5640.47
1790845
4000,10,3,16,64,5680.83
1790845
4000,10,3,16,128,5637.5
1790845
4000,12,1,1,1,4880.87
1790845
4000,12,1,4,1,4649.14
1790845
4000,12,1,8,1,4655.14
1790845
4000,12,1,16,1,4799.26
1790845
4000,12,2,1,1,5020.99
1790845
4000,12,2,4,1,4667.35
1790845
4000,12,2,8,1,4681.13
1790845
4000,12,2,16,1,4801.5
1790845
4000,12,3,1,32,4961.54
1790845
4000,12,3,1,64,4988.74
1790845
4000,12,3,1,128,4881.16
1790845
4000,12,3,4,32,4639.03
1790845
4000,12,3,4,64,4666.03
1790845
4000,12,3,4,128,4632.19
1790845
4000,12,3,8,32,4638.92
1790845
4000,12,3,8,64,4621.79
1790845
4000,12,3,8,128,4620.41
1790845
4000,12,3,16,32,4788.94
1790845
4000,12,3,16,64,4846.66
1790845
4000,12,3,16,128,4790.69
1790845
4000,14,1,1,1,4265.29
1790845
4000,14,1,4,1,4017.21
1790845
4000,14,1,8,1,4035.08
1790845
4000,14,1,16,1,4171.79
1790845
4000,14,2,1,1,4278.37
1790845
4000,14,2,4,1,4010.45
1790845
4000,14,2,8,1,3999.66
1790845
4000,14,2,16,1,4167.62
1790845
4000,14,3,1,32,4230.35
1790845
4000,14,3,1,64,4343.83
1790845
4000,14,3,1,128,4308.71
1790845
4000,14,3,4,32,3997.8
1790845
4000,14,3,4,64,3989.69
1790845
4000,14,3,4,128,4028.5
1790845
4000,14,3,8,32,4025.64
1790845
4000,14,3,8,64,4025.06
1790845
4000,14,3,8,128,4047.25
1790845
4000,14,3,16,32,4202.5
1790845
4000,14,3,16,64,4196.66
1790845
4000,14,3,16,128,4206.13
1790845
4000,16,1,1,1,3835.46
1790845
4000,16,1,4,1,3525.86
1790845
4000,16,1,8,1,3572.44
1790845
4000,16,1,16,1,3717.32
1790845
4000,16,2,1,1,3810.09
1790845
4000,16,2,4,1,3577.4
1790845
4000,16,2,8,1,3585.64
1790845
4000,16,2,16,1,3748.18
1790845
4000,16,3,1,32,3861.98
1790845
4000,16,3,1,64,3836.39
1790845
4000,16,3,1,128,3817.32
1790845
4000,16,3,4,32,3594.82
1790845
4000,16,3,4,64,3546.17
1790845
4000,16,3,4,128,3586.61
1790845
4000,16,3,8,32,3598.19
1790845
4000,16,3,8,64,3573.6
1790845
4000,16,3,8,128,3569.37
1790845
4000,16,3,16,32,3759.8
1790845
4000,16,3,16,64,3765.96
1790845
4000,16,3,16,128,3729.52
1790845
6000,1,0,1,1,251744
3687649
6000,2,1,1,1,122161
3687649
6000,2,1,4,1,122184
3687649
6000,2,1,8,1,121750
3687649
6000,2,1,16,1,121131
3687649
6000,2,2,1,1,126333
3687649
6000,2,2,4,1,122881
3687649
6000,2,2,8,1,122211
3687649
6000,2,2,16,1,121184
3687649
6000,2,3,1,32,122391
3687649
6000,2,3,1,64,123714
3687649
6000,2,3,1,128,123854
3687649
6000,2,3,4,32,121659
3687649
6000,2,3,4,64,121093
3687649
6000,2,3,4,128,122129
3687649
6000,2,3,8,32,121549
3687649
6000,2,3,8,64,121305
3687649
6000,2,3,8,128,121191
3687649
6000,2,3,16,32,122238
3687649
6000,2,3,16,64,122275
3687649
6000,2,3,16,128,122601
3687649
6000,4,1,1,1,64633.5
3687649
6000,4,1,4,1,61800.8
3687649
6000,4,1,8,1,61028.5
3687649
6000,4,1,16,1,61575.4
3687649
6000,4,2,1,1,62855.9
3687649
6000,4,2,4,1,61476.4
3687649
6000,4,2,8,1,63099.5
3687649
6000,4,2,16,1,61487.2
3687649
6000,4,3,1,32,66707.8
3687649
6000,4,3,1,64,64918.6
3687649
6000,4,3,1,128,64139.8
3687649
6000,4,3,4,32,61885.2
3687649
6000,4,3,4,64,61885.7
3687649
6000,4,3,4,128,63849.3
3687649
6000,4,3,8,32,65968.6
3687649
6000,4,3,8,64,61398.4
3687649
6000,4,3,8,128,60941.3
3687649
6000,4,3,16,32,60968.7
3687649
6000,4,3,16,64,61303.8
3687649
6000,4,3,16,128,61644.1
3687649
6000,6,1,1,1,44069.7
3687649
6000,6,1,4,1,41690.6
3687649
6000,6,1,8,1,41541.8
3687649
6000,6,1,16,1,41769
3687649
6000,6,2,1,1,43503.6
3687649
6000,6,2,4,1,41357.7
3687649
6000,6,2,8,1,40917.7
3687649
6000,6,2,16,1,41533.7
3687649
6000,6,3,1,32,44283.4
3687649
6000,6,3,1,64,43917.2
3687649
6000,6,3,1,128,44168.6
3687649
6000,6,3,4,32,42350.1
3687649
6000,6,3,4,64,41181.8
3687649
6000,6,3,4,128,41063.5
3687649
6000,6,3,8,32,40845.5
3687649
6000,6,3,8,64,41409.5
3687649
6000,6,3,8,128,41259.4
3687649
6000,6,3,16,32,41704.4
3687649
6000,6,3,16,64,41583.4
3687649
6000,6,3,16,128,42046.3
3687649
6000,8,1,1,1,32651.8
3687649
6000,8,1,4,1,31084.6
3687649
6000,8,1,8,1,31145.7
3687649
6000,8,1,16,1,31556.4
3687649
6000,8,2,1,1,33426.9
3687649
6000,8,2,4,1,31285.1
3687649
6000,8,2,8,1,31270.7
3687649
6000,8,2,16,1,31878.5
3687649
6000,8,3,1,32,32476.4
3687649
6000,8,3,1,64,32964.3
3687649
6000,8,3,1,128,34980.3
3687649
6000,8,3,4,32,32722.6
3687649
6000,8,3,4,64,31350.8
3687649
6000,8,3,4,128,30970.1
3687649
6000,8,3,8,32,31160.8
3687649
6000,8,3,8,64,31204.5
3687649
6000,8,3,8,128,31445.2
3687649
6000,8,3,16,32,31743.9
3687649
6000,8,3,16,64,31560.6
3687649
6000,8,3,16,128,32344.2
3687649
6000,10,1,1,1,27525.2
3687649
6000,10,1,4,1,25430.5
3687649
6000,10,1,8,1,24936.2
3687649
6000,10,1,16,1,26466.4
3687649
6000,10,2,1,1,27564.7
3687649
6000,10,2,4,1,25577.2
3687649
6000,10,2,8,1,25609.6
3687649
6000,10,2,16,1,25857.4
3687649
6000,10,3,1,32,27126.7
3687649
6000,10,3,1,64,26839.3
3687649
6000,10,3,1,128,27372.3
3687649
6000,10,3,4,32,24946.6
3687649
6000,10,3,4,64,25248.6
3687649
6000,10,3,4,128,25716.1
3687649
6000,10,3,8,32,25065
3687649
6000,10,3,8,64,25533.9
3687649
6000,10,3,8,128,25275.2
3687649
6000,10,3,16,32,25664.6
3687649
6000,10,3,16,64,25996.8
3687649
6000,10,3,16,128,26221
3687649
6000,12,1,1,1,23377.5
3687649
6000,12,1,4,1,21492.9
3687649
6000,12,1,8,1,20942.6
3687649
6000,12,1,16,1,21558.6
3687649
6000,12,2,1,1,22369.4
3687649
6000,12,2,4,1,21759.1
3687649
6000,12,2,8,1,21048.7
3687649
6000,12,2,16,1,22342.5
3687649
6000,12,3,1,32,23371.1
3687649
6000,12,3,1,64,23194.9
3687649
6000,12,3,1,128,22797.9
3687649
6000,12,3,4,32,21095.4
3687649
6000,12,3,4,64,20989.1
3687649
6000,12,3,4,128,21867.7
3687649
6000,12,3,8,32,21182
3687649
6000,12,3,8,64,21396.9
3687649
6000,12,3,8,128,21521.8
3687649
6000,12,3,16,32,21872.7
3687649
6000,12,3,16,64,21536.8
3687649
6000,12,3,16,128,22622.5
3687649
6000,14,1,1,1,20464.7
3687649
6000,14,1,4,1,18528.6
3687649
6000,14,1,8,1,18356.2
3687649
6000,14,1,16,1,18753.1
3687649
6000,14,2,1,1,20785
3687649
6000,14,2,4,1,19784.6
3687649
6000,14,2,8,1,18374.1
3687649
6000,14,2,16,1,19014.8
3687649
6000,14,3,1,32,20543.3
3687649
6000,14,3,1,64,20940.3
3687649
6000,14,3,1,128,20902.2
3687649
6000,14,3,4,32,18499.5
3687649
6000,14,3,4,64,18474.8
3687649
6000,14,3,4,128,18961.4
3687649
6000,14,3,8,32,18397.2
3687649
6000,14,3,8,64,18849.3
3687649
6000,14,3,8,128,18638.6
3687649
6000,14,3,16,32,19189.9
3687649
6000,14,3,16,64,18885.9
3687649
6000,14,3,16,128,18931.7
3687649
6000,16,1,1,1,18221.6
3687649
6000,16,1,4,1,16219.8
3687649
6000,16,1,8,1,16163.6
3687649
6000,16,1,16,1,17351.9
3687649
6000,16,2,1,1,18215.3
3687649
6000,16,2,4,1,16975.3
3687649
6000,16,2,8,1,16340.8
3687649
6000,16,2,16,1,16696.6
3687649
6000,16,3,1,32,18518.6
3687649
6000,16,3,1,64,18095.1
3687649
6000,16,3,1,128,19260
3687649
6000,16,3,4,32,16327.8
3687649
6000,16,3,4,64,17741.8
3687649
6000,16,3,4,128,16139.3
3687649
6000,16,3,8,32,17111.3
3687649
6000,16,3,8,64,16160.7
3687649
6000,16,3,8,128,17054.6
3687649
6000,16,3,16,32,16559.4
3687649
6000,16,3,16,64,16729.7
3687649
6000,16,3,16,128,16808.1
3687649