N,nworkers,policy,tileSize,chunkSize,time
1000,1,0,1,1,202.001
1000,2,1,1,1,215.41
1000,2,1,4,1,189.869
1000,2,1,8,1,186.366
1000,2,1,16,1,188.697
1000,2,2,1,1,210.723
1000,2,2,4,1,190.124
1000,2,2,8,1,186.501
1000,2,2,16,1,188.113
1000,2,3,1,32,213.235
1000,2,3,1,64,207.61
1000,2,3,1,128,211.05
1000,2,3,4,32,189.262
1000,2,3,4,64,189.906
1000,2,3,4,128,189.608
1000,2,3,8,32,185.976
1000,2,3,8,64,186.66
1000,2,3,8,128,187.652
1000,2,3,16,32,188.858
1000,2,3,16,64,187.892
1000,2,3,16,128,188.164
1000,4,1,1,1,161.077
1000,4,1,4,1,140.104
1000,4,1,8,1,137.987
1000,4,1,16,1,138.581
1000,4,2,1,1,162.337
1000,4,2,4,1,140.436
1000,4,2,8,1,136.998
1000,4,2,16,1,139.472
1000,4,3,1,32,163.776
1000,4,3,1,64,165.978
1000,4,3,1,128,162.796
1000,4,3,4,32,141.434
1000,4,3,4,64,140.696
1000,4,3,4,128,139.675
1000,4,3,8,32,137.73
1000,4,3,8,64,138.646
1000,4,3,8,128,138.263
1000,4,3,16,32,138.353
1000,4,3,16,64,139.338
1000,4,3,16,128,138.445
1000,6,1,1,1,151.208
1000,6,1,4,1,125.051
1000,6,1,8,1,121.554
1000,6,1,16,1,122.049
1000,6,2,1,1,152.479
1000,6,2,4,1,125.221
1000,6,2,8,1,122.708
1000,6,2,16,1,122.949
1000,6,3,1,32,151.304
1000,6,3,1,64,154.385
1000,6,3,1,128,151.538
1000,6,3,4,32,124.878
1000,6,3,4,64,125.316
1000,6,3,4,128,125.635
1000,6,3,8,32,121.937
1000,6,3,8,64,121.374
1000,6,3,8,128,121.982
1000,6,3,16,32,123.186
1000,6,3,16,64,122.94
1000,6,3,16,128,122.065
1000,8,1,1,1,150.922
1000,8,1,4,1,117.488
1000,8,1,8,1,114.021
1000,8,1,16,1,114.575
1000,8,2,1,1,153.624
1000,8,2,4,1,117.557
1000,8,2,8,1,114.667
1000,8,2,16,1,114.68
1000,8,3,1,32,151.762
1000,8,3,1,64,153.052
1000,8,3,1,128,150.453
1000,8,3,4,32,117.734
1000,8,3,4,64,117.673
1000,8,3,4,128,117.749
1000,8,3,8,32,114.555
1000,8,3,8,64,114.16
1000,8,3,8,128,115.07
1000,8,3,16,32,115.008
1000,8,3,16,64,114.866
1000,8,3,16,128,115.006
1000,10,1,1,1,153.961
1000,10,1,4,1,114.523
1000,10,1,8,1,109.457
1000,10,1,16,1,109.605
1000,10,2,1,1,151.915
1000,10,2,4,1,114.42
1000,10,2,8,1,109.294
1000,10,2,16,1,109.862
1000,10,3,1,32,152.765
1000,10,3,1,64,154.653
1000,10,3,1,128,151.282
1000,10,3,4,32,114.343
1000,10,3,4,64,114.071
1000,10,3,4,128,114.172
1000,10,3,8,32,109.913
1000,10,3,8,64,110.92
1000,10,3,8,128,110.49
1000,10,3,16,32,109.991
1000,10,3,16,64,109.606
1000,10,3,16,128,110.003
1000,12,1,1,1,152.115
1000,12,1,4,1,112.737
1000,12,1,8,1,106.695
1000,12,1,16,1,107.049
1000,12,2,1,1,155.509
1000,12,2,4,1,112.373
1000,12,2,8,1,106.684
1000,12,2,16,1,107.444
1000,12,3,1,32,154.066
1000,12,3,1,64,156.755
1000,12,3,1,128,154.761
1000,12,3,4,32,112.081
1000,12,3,4,64,112.528
1000,12,3,4,128,112.819
1000,12,3,8,32,106.581
1000,12,3,8,64,107.5
1000,12,3,8,128,107.321
1000,12,3,16,32,106.813
1000,12,3,16,64,106.909
1000,12,3,16,128,107.008
1000,14,1,1,1,157.484
1000,14,1,4,1,111.781
1000,14,1,8,1,105.679
1000,14,1,16,1,105.511
1000,14,2,1,1,157.108
1000,14,2,4,1,110.881
1000,14,2,8,1,104.957
1000,14,2,16,1,104.724
1000,14,3,1,32,158.746
1000,14,3,1,64,159.296
1000,14,3,1,128,160.024
1000,14,3,4,32,111.672
1000,14,3,4,64,112.135
1000,14,3,4,128,112.282
1000,14,3,8,32,104.975
1000,14,3,8,64,105.789
1000,14,3,8,128,105.776
1000,14,3,16,32,105.563
1000,14,3,16,64,104.88
1000,14,3,16,128,106.279
1000,16,1,1,1,162.388
1000,16,1,4,1,111.512
1000,16,1,8,1,104.512
1000,16,1,16,1,104.216
1000,16,2,1,1,162.836
1000,16,2,4,1,111.908
1000,16,2,8,1,104.526
1000,16,2,16,1,104.093
1000,16,3,1,32,163.137
1000,16,3,1,64,167.154
1000,16,3,1,128,162.821
1000,16,3,4,32,111.291
1000,16,3,4,64,110.866
1000,16,3,4,128,111.949
1000,16,3,8,32,103.993
1000,16,3,8,64,104.465
1000,16,3,8,128,104.643
1000,16,3,16,32,103.347
1000,16,3,16,64,103.641
1000,16,3,16,128,104.526
2000,1,0,1,1,2514.3
2000,2,1,1,1,1575.94
2000,2,1,4,1,1264.89
2000,2,1,8,1,1200.61
2000,2,1,16,1,1178.24
2000,2,2,1,1,1455.06
2000,2,2,4,1,1261.68
2000,2,2,8,1,1205.69
2000,2,2,16,1,1173.37
2000,2,3,1,32,1455.71
2000,2,3,1,64,1479.99
2000,2,3,1,128,1472.92
2000,2,3,4,32,1249.26
2000,2,3,4,64,1255.51
2000,2,3,4,128,1261.38
2000,2,3,8,32,1206.46
2000,2,3,8,64,1204.52
2000,2,3,8,128,1204.22
2000,2,3,16,32,1181.75
2000,2,3,16,64,1183.98
2000,2,3,16,128,1179.82
2000,4,1,1,1,682.395
2000,4,1,4,1,629.296
2000,4,1,8,1,626.747
2000,4,1,16,1,636.451
2000,4,2,1,1,682.568
2000,4,2,4,1,627.984
2000,4,2,8,1,625.197
2000,4,2,16,1,635.654
2000,4,3,1,32,682.285
2000,4,3,1,64,686.369
2000,4,3,1,128,686.833
2000,4,3,4,32,629.664
2000,4,3,4,64,629.608
2000,4,3,4,128,629.146
2000,4,3,8,32,627.355
2000,4,3,8,64,625.119
2000,4,3,8,128,626.811
2000,4,3,16,32,637.185
2000,4,3,16,64,637.808
2000,4,3,16,128,635.821
2000,6,1,1,1,508.158
2000,6,1,4,1,453.907
2000,6,1,8,1,453.232
2000,6,1,16,1,466.098
2000,6,2,1,1,510.187
2000,6,2,4,1,455.871
2000,6,2,8,1,455.076
2000,6,2,16,1,465.656
2000,6,3,1,32,509.933
2000,6,3,1,64,511.128
2000,6,3,1,128,506.082
2000,6,3,4,32,453.467
2000,6,3,4,64,454.28
2000,6,3,4,128,454.354
2000,6,3,8,32,452.093
2000,6,3,8,64,451.506
2000,6,3,8,128,452.042
2000,6,3,16,32,464.918
2000,6,3,16,64,465.687
2000,6,3,16,128,465.909
2000,8,1,1,1,435.366
2000,8,1,4,1,369.795
2000,8,1,8,1,367.016
2000,8,1,16,1,380.818
2000,8,2,1,1,439.043
2000,8,2,4,1,368.163
2000,8,2,8,1,367.204
2000,8,2,16,1,380.904
2000,8,3,1,32,433.67
2000,8,3,1,64,431.659
2000,8,3,1,128,431.187
2000,8,3,4,32,368.301
2000,8,3,4,64,369.433
2000,8,3,4,128,367.27
2000,8,3,8,32,367.102
2000,8,3,8,64,367.125
2000,8,3,8,128,366.974
2000,8,3,16,32,381.584
2000,8,3,16,64,380.894
2000,8,3,16,128,380.859
2000,10,1,1,1,387.338
2000,10,1,4,1,317.524
2000,10,1,8,1,315.947
2000,10,1,16,1,330.178
2000,10,2,1,1,385.773
2000,10,2,4,1,316.881
2000,10,2,8,1,316.318
2000,10,2,16,1,330.317
2000,10,3,1,32,387.903
2000,10,3,1,64,396.736
2000,10,3,1,128,388.403
2000,10,3,4,32,319.054
2000,10,3,4,64,317.868
2000,10,3,4,128,317.562
2000,10,3,8,32,317.5
2000,10,3,8,64,315.118
2000,10,3,8,128,315.947
2000,10,3,16,32,329.768
2000,10,3,16,64,331.365
2000,10,3,16,128,330.72
2000,12,1,1,1,362.728
2000,12,1,4,1,284.92
2000,12,1,8,1,282.817
2000,12,1,16,1,296.581
2000,12,2,1,1,364.571
2000,12,2,4,1,285.574
2000,12,2,8,1,283.178
2000,12,2,16,1,296.319
2000,12,3,1,32,360.202
2000,12,3,1,64,381.517
2000,12,3,1,128,361.95
2000,12,3,4,32,285.272
2000,12,3,4,64,285.555
2000,12,3,4,128,285.11
2000,12,3,8,32,282.572
2000,12,3,8,64,281.692
2000,12,3,8,128,282.22
2000,12,3,16,32,296.437
2000,12,3,16,64,297.456
2000,12,3,16,128,296.285
2000,14,1,1,1,351.88
2000,14,1,4,1,261.817
2000,14,1,8,1,259.203
2000,14,1,16,1,272.514
2000,14,2,1,1,351.197
2000,14,2,4,1,264.672
2000,14,2,8,1,260.145
2000,14,2,16,1,272.48
2000,14,3,1,32,352.807
2000,14,3,1,64,356.424
2000,14,3,1,128,352.76
2000,14,3,4,32,262.712
2000,14,3,4,64,263.902
2000,14,3,4,128,262.622
2000,14,3,8,32,258.504
2000,14,3,8,64,257.894
2000,14,3,8,128,259.391
2000,14,3,16,32,272.25
2000,14,3,16,64,272.863
2000,14,3,16,128,274.44
2000,16,1,1,1,342.226
2000,16,1,4,1,246.37
2000,16,1,8,1,240.522
2000,16,1,16,1,255.469
2000,16,2,1,1,354.005
2000,16,2,4,1,245.535
2000,16,2,8,1,240.793
2000,16,2,16,1,255.562
2000,16,3,1,32,360.283
2000,16,3,1,64,347.088
2000,16,3,1,128,343.808
2000,16,3,4,32,248.938
2000,16,3,4,64,247.011
2000,16,3,4,128,246.272
2000,16,3,8,32,241.217
2000,16,3,8,64,241.888
2000,16,3,8,128,240.206
2000,16,3,16,32,255.52
2000,16,3,16,64,255.342
2000,16,3,16,128,256.422
4000,1,0,1,1,59281.5
4000,2,1,1,1,28264
4000,2,1,4,1,26478
4000,2,1,8,1,26406
4000,2,1,16,1,26190.6
4000,2,2,1,1,29477.8
4000,2,2,4,1,26551.6
4000,2,2,8,1,26388.3
4000,2,2,16,1,26249.4
4000,2,3,1,32,28260.9
4000,2,3,1,64,28478.7
4000,2,3,1,128,28941.8
4000,2,3,4,32,26526.4
4000,2,3,4,64,26477.4
4000,2,3,4,128,27172
4000,2,3,8,32,26209.9
4000,2,3,8,64,26140.1
4000,2,3,8,128,26106.6
4000,2,3,16,32,28778.8
4000,2,3,16,64,26250
4000,2,3,16,128,26120.3
4000,4,1,1,1,15516.5
4000,4,1,4,1,13328
4000,4,1,8,1,13287.8
4000,4,1,16,1,13300.8
4000,4,2,1,1,15968.6
4000,4,2,4,1,13372
4000,4,2,8,1,13209.3
4000,4,2,16,1,13151.8
4000,4,3,1,32,15273.7
4000,4,3,1,64,15011.7
4000,4,3,1,128,15133.1
4000,4,3,4,32,13415.2
4000,4,3,4,64,13448.2
4000,4,3,4,128,13404.3
4000,4,3,8,32,13380
4000,4,3,8,64,13395.4
4000,4,3,8,128,13174.4
4000,4,3,16,32,13249.4
4000,4,3,16,64,13325.6
4000,4,3,16,128,13298.6
4000,6,1,1,1,9658.77
4000,6,1,4,1,9020.53
4000,6,1,8,1,8981.16
4000,6,1,16,1,9045.09
4000,6,2,1,1,9728.74
4000,6,2,4,1,8990.2
4000,6,2,8,1,8957.53
4000,6,2,16,1,9074.81
4000,6,3,1,32,9700.9
4000,6,3,1,64,9835.16
4000,6,3,1,128,9770.05
4000,6,3,4,32,8950.8
4000,6,3,4,64,8964.16
4000,6,3,4,128,8978.5
4000,6,3,8,32,8970.26
4000,6,3,8,64,8942.12
4000,6,3,8,128,8992.66
4000,6,3,16,32,9067.3
4000,6,3,16,64,9053.61
4000,6,3,16,128,8983.81
4000,8,1,1,1,7176.54
4000,8,1,4,1,6773.87
4000,8,1,8,1,6776.72
4000,8,1,16,1,6907.64
4000,8,2,1,1,7128.45
4000,8,2,4,1,6799.53
4000,8,2,8,1,6787.68
4000,8,2,16,1,6865.98
4000,8,3,1,32,7134.79
4000,8,3,1,64,7174.73
4000,8,3,1,128,7175.98
4000,8,3,4,32,6844.58
4000,8,3,4,64,6837.87
4000,8,3,4,128,6924.1
4000,8,3,8,32,6838.15
4000,8,3,8,64,6785.05
4000,8,3,8,128,6747.18
4000,8,3,16,32,6950.3
4000,8,3,16,64,6942.08
4000,8,3,16,128,6911.5
4000,10,1,1,1,5751.88
4000,10,1,4,1,5536.35
4000,10,1,8,1,5529.05
4000,10,1,16,1,5625.48
4000,10,2,1,1,5700.71
4000,10,2,4,1,5477.05
4000,10,2,8,1,5485.91
4000,10,2,16,1,5613.57
4000,10,3,1,32,5758.68
4000,10,3,1,64,5782.45
4000,10,3,1,128,5759.81
4000,10,3,4,32,5464.16
4000,10,3,4,64,5451.58
4000,10,3,4,128,5477.43
4000,10,3,8,32,5525.25
4000,10,3,8,64,5510.5
4000,10,3,8,128,5496.8
4000,10,3,16,32,5640.47
4000,10,3,16,64,5680.83
4000,10,3,16,128,5637.5
4000,12,1,1,1,4880.87
4000,12,1,4,1,4649.14
4000,12,1,8,1,4655.14
4000,12,1,16,1,4799.26
4000,12,2,1,1,5020.99
4000,12,2,4,1,4667.35
4000,12,2,8,1,4681.13
4000,12,2,16,1,4801.5
4000,12,3,1,32,4961.54
4000,12,3,1,64,4988.74
4000,12,3,1,128,4881.16
4000,12,3,4,32,4639.03
4000,12,3,4,64,4666.03
4000,12,3,4,128,4632.19
4000,12,3,8,32,4638.92
4000,12,3,8,64,4621.79
4000,12,3,8,128,4620.41
4000,12,3,16,32,4788.94
4000,12,3,16,64,4846.66
4000,12,3,16,128,4790.69
4000,14,1,1,1,4265.29
4000,14,1,4,1,4017.21
4000,14,1,8,1,4035.08
4000,14,1,16,1,4171.79
4000,14,2,1,1,4278.37
4000,14,2,4,1,4010.45
4000,14,2,8,1,3999.66
4000,14,2,16,1,4167.62
4000,14,3,1,32,4230.35
4000,14,3,1,64,4343.83
4000,14,3,1,128,4308.71
4000,14,3,4,32,3997.8
4000,14,3,4,64,3989.69
4000,14,3,4,128,4028.5
4000,14,3,8,32,4025.64
4000,14,3,8,64,4025.06
4000,14,3,8,128,4047.25
4000,14,3,16,32,4202.5
4000,14,3,16,64,4196.66
4000,14,3,16,128,4206.13
4000,16,1,1,1,3835.46
4000,16,1,4,1,3525.86
4000,16,1,8,1,3572.44
4000,16,1,16,1,3717.32
4000,16,2,1,1,3810.09
4000,16,2,4,1,3577.4
4000,16,2,8,1,3585.64
4000,16,2,16,1,3748.18
4000,16,3,1,32,3861.98
4000,16,3,1,64,3836.39
4000,16,3,1,128,3817.32
4000,16,3,4,32,3594.82
4000,16,3,4,64,3546.17
4000,16,3,4,128,3586.61
4000,16,3,8,32,3598.19
4000,16,3,8,64,3573.6
4000,16,3,8,128,3569.37
4000,16,3,16,32,3759.8
4000,16,3,16,64,3765.96
4000,16,3,16,128,3729.52
6000,1,0,1,1,251744
6000,2,1,1,1,122161
6000,2,1,4,1,122184
6000,2,1,8,1,121750
6000,2,1,16,1,121131
6000,2,2,1,1,126333
6000,2,2,4,1,122881
6000,2,2,8,1,122211
6000,2,2,16,1,121184
6000,2,3,1,32,122391
6000,2,3,1,64,123714
6000,2,3,1,128,123854
6000,2,3,4,32,121659
6000,2,3,4,64,121093
6000,2,3,4,128,122129
6000,2,3,8,32,121549
6000,2,3,8,64,121305
6000,2,3,8,128,121191
6000,2,3,16,32,122238
6000,2,3,16,64,122275
6000,2,3,16,128,122601
6000,4,1,1,1,64633.5
6000,4,1,4,1,61800.8
6000,4,1,8,1,61028.5
6000,4,1,16,1,61575.4
6000,4,2,1,1,62855.9
6000,4,2,4,1,61476.4
6000,4,2,8,1,63099.5
6000,4,2,16,1,61487.2
6000,4,3,1,32,66707.8
6000,4,3,1,64,64918.6
6000,4,3,1,128,64139.8
6000,4,3,4,32,61885.2
6000,4,3,4,64,61885.7
6000,4,3,4,128,63849.3
6000,4,3,8,32,65968.6
6000,4,3,8,64,61398.4
6000,4,3,8,128,60941.3
6000,4,3,16,32,60968.7
6000,4,3,16,64,61303.8
6000,4,3,16,128,61644.1
6000,6,1,1,1,44069.7
6000,6,1,4,1,41690.6
6000,6,1,8,1,41541.8
6000,6,1,16,1,41769
6000,6,2,1,1,43503.6
6000,6,2,4,1,41357.7
6000,6,2,8,1,40917.7
6000,6,2,16,1,41533.7
6000,6,3,1,32,44283.4
6000,6,3,1,64,43917.2
6000,6,3,1,128,44168.6
6000,6,3,4,32,42350.1
6000,6,3,4,64,41181.8
6000,6,3,4,128,41063.5
6000,6,3,8,32,40845.5
6000,6,3,8,64,41409.5
6000,6,3,8,128,41259.4
6000,6,3,16,32,41704.4
6000,6,3,16,64,41583.4
6000,6,3,16,128,42046.3
6000,8,1,1,1,32651.8
6000,8,1,4,1,31084.6
6000,8,1,8,1,31145.7
6000,8,1,16,1,31556.4
6000,8,2,1,1,33426.9
6000,8,2,4,1,31285.1
6000,8,2,8,1,31270.7
6000,8,2,16,1,31878.5
6000,8,3,1,32,32476.4
6000,8,3,1,64,32964.3
6000,8,3,1,128,34980.3
6000,8,3,4,32,32722.6
6000,8,3,4,64,31350.8
6000,8,3,4,128,30970.1
6000,8,3,8,32,31160.8
6000,8,3,8,64,31204.5
6000,8,3,8,128,31445.2
6000,8,3,16,32,31743.9
6000,8,3,16,64,31560.6
6000,8,3,16,128,32344.2
6000,10,1,1,1,27525.2
6000,10,1,4,1,25430.5
6000,10,1,8,1,24936.2
6000,10,1,16,1,26466.4
6000,10,2,1,1,27564.7
6000,10,2,4,1,25577.2
6000,10,2,8,1,25609.6
6000,10,2,16,1,25857.4
6000,10,3,1,32,27126.7
6000,10,3,1,64,26839.3
6000,10,3,1,128,27372.3
6000,10,3,4,32,24946.6
6000,10,3,4,64,25248.6
6000,10,3,4,128,25716.1
6000,10,3,8,32,25065
6000,10,3,8,64,25533.9
6000,10,3,8,128,25275.2
6000,10,3,16,32,25664.6
6000,10,3,16,64,25996.8
6000,10,3,16,128,26221
6000,12,1,1,1,23377.5
6000,12,1,4,1,21492.9
6000,12,1,8,1,20942.6
6000,12,1,16,1,21558.6
6000,12,2,1,1,22369.4
6000,12,2,4,1,21759.1
6000,12,2,8,1,21048.7
6000,12,2,16,1,22342.5
6000,12,3,1,32,23371.1
6000,12,3,1,64,23194.9
6000,12,3,1,128,22797.9
6000,12,3,4,32,21095.4
6000,12,3,4,64,20989.1
6000,12,3,4,128,21867.7
6000,12,3,8,32,21182
6000,12,3,8,64,21396.9
6000,12,3,8,128,21521.8
6000,12,3,16,32,21872.7
6000,12,3,16,64,21536.8
6000,12,3,16,128,22622.5
6000,14,1,1,1,20464.7
6000,14,1,4,1,18528.6
6000,14,1,8,1,18356.2
6000,14,1,16,1,18753.1
6000,14,2,1,1,20785
6000,14,2,4,1,19784.6
6000,14,2,8,1,18374.1
6000,14,2,16,1,19014.8
6000,14,3,1,32,20543.3
6000,14,3,1,64,20940.3
6000,14,3,1,128,20902.2
6000,14,3,4,32,18499.5
6000,14,3,4,64,18474.8
6000,14,3,4,128,18961.4
6000,14,3,8,32,18397.2
6000,14,3,8,64,18849.3
6000,14,3,8,128,18638.6
6000,14,3,16,32,19189.9
6000,14,3,16,64,18885.9
6000,14,3,16,128,18931.7
6000,16,1,1,1,18221.6
6000,16,1,4,1,16219.8
6000,16,1,8,1,16163.6
6000,16,1,16,1,17351.9
6000,16,2,1,1,18215.3
6000,16,2,4,1,16975.3
6000,16,2,8,1,16340.8
6000,16,2,16,1,16696.6
6000,16,3,1,32,18518.6
6000,16,3,1,64,18095.1
6000,16,3,1,128,19260
6000,16,3,4,32,16327.8
6000,16,3,4,64,17741.8
6000,16,3,4,128,16139.3
6000,16,3,8,32,17111.3
6000,16,3,8,64,16160.7
6000,16,3,8,128,17054.6
6000,16,3,16,32,16559.4
6000,16,3,16,64,16729.7
6000,16,3,16,128,16808.1
8000,1,0,1,1,614310
8000,2,1,1,1,317495
8000,2,1,4,1,310353
8000,2,1,8,1,309445
8000,2,1,16,1,316983
8000,2,2,1,1,316500
8000,2,2,4,1,309511
8000,2,2,8,1,309662
8000,2,2,16,1,309670
8000,2,3,1,32,318970
8000,2,3,1,64,319078
8000,2,3,1,128,346112
8000,2,3,4,32,311959
8000,2,3,4,64,313654
8000,2,3,4,128,360781
8000,2,3,8,32,324273
8000,2,3,8,64,313450
8000,2,3,8,128,310220
8000,2,3,16,32,310825
8000,2,3,16,64,312035
8000,2,3,16,128,310727
8000,4,1,1,1,166318
8000,4,1,4,1,158396
8000,4,1,8,1,157847
8000,4,1,16,1,160858
8000,4,2,1,1,167350
8000,4,2,4,1,178658
8000,4,2,8,1,154827
8000,4,2,16,1,159855
8000,4,3,1,32,176875
8000,4,3,1,64,165373
8000,4,3,1,128,164894
8000,4,3,4,32,157133
8000,4,3,4,64,162466
8000,4,3,4,128,156012
8000,4,3,8,32,156531
1000,1,1,1,1,297.011
1000,1,1,4,1,285.486
1000,1,1,8,1,283.699
1000,1,1,16,1,283.132
1000,1,2,1,1,293.727
1000,1,2,4,1,284.592
1000,1,2,8,1,284.767
1000,1,2,16,1,283.501
1000,1,3,1,32,294.113
1000,1,3,1,64,293.844
1000,1,3,1,128,293.173
1000,1,3,4,32,285.499
1000,1,3,4,64,284.882
1000,1,3,4,128,285.521
1000,1,3,8,32,283.274
1000,1,3,8,64,283.52
1000,1,3,8,128,283.508
1000,1,3,16,32,283.532
1000,1,3,16,64,283.057
1000,1,3,16,128,287.558
2000,1,1,1,1,3094.65
2000,1,1,4,1,2520.45
2000,1,1,8,1,2277.03
2000,1,1,16,1,2228.87
2000,1,2,1,1,2717.58
2000,1,2,4,1,2397.53
2000,1,2,8,1,2293.76
2000,1,2,16,1,2244.17
2000,1,3,1,32,2722.63
2000,1,3,1,64,2718.74
2000,1,3,1,128,2718.04
2000,1,3,4,32,2353.9
2000,1,3,4,64,2390.15
2000,1,3,4,128,2376.12
2000,1,3,8,32,2302.13
2000,1,3,8,64,2299.84
2000,1,3,8,128,2297.14
2000,1,3,16,32,2247.19
2000,1,3,16,64,2249.34
2000,1,3,16,128,2248.86
4000,1,1,1,1,55621.8
4000,1,1,4,1,55007
4000,1,1,8,1,51948.9
4000,1,1,16,1,52260.3
4000,1,2,1,1,54289.4
4000,1,2,4,1,52613.3
4000,1,2,8,1,52300.9
4000,1,2,16,1,53447.1
4000,1,3,1,32,54547.1
4000,1,3,1,64,54537.1
4000,1,3,1,128,54770.6
4000,1,3,4,32,52907.4
4000,1,3,4,64,52837
4000,1,3,4,128,52556.5
4000,1,3,8,32,52179.8
4000,1,3,8,64,52733.6
4000,1,3,8,128,52010.2
4000,1,3,16,32,52674.2
4000,1,3,16,64,51973
4000,1,3,16,128,51858.6
6000,1,1,1,1,258171
6000,1,1,4,1,244120
6000,1,1,8,1,244564
6000,1,1,16,1,244661
6000,1,2,1,1,255685
6000,1,2,4,1,244527
6000,1,2,8,1,243333
6000,1,2,16,1,243584
6000,1,3,1,32,246300
6000,1,3,1,64,255502
6000,1,3,1,128,254174
6000,1,3,4,32,243507
6000,1,3,4,64,244040
6000,1,3,4,128,245800
6000,1,3,8,32,253805
6000,1,3,8,64,245475
6000,1,3,8,128,245090
6000,1,3,16,32,244676
6000,1,3,16,64,244139
6000,1,3,16,128,244513